#5/31/15 13:2:33.0 UTC Samples: 9100 dt: 0.01
0.000037
0.000026
0.000039
0.000028
0.000041
0.000029
0.000039
0.000030
0.000051
0.000039
0.000049
0.000039
0.000042
0.000036
0.000048
0.000033
0.000071
0.000051
0.000046
0.000053
0.000078
0.000059
0.000075
0.000064
0.000069
0.000050
0.000107
0.000117
0.000076
0.000085
0.000124
0.000160
0.000140
0.000053
0.000077
0.000013
-0.000034
0.000016
0.000055
0.000033
-0.000011
-0.000072
-0.000031
-0.000017
0.000023
-0.000104
-0.000020
0.000107
0.000095
0.000036
-0.000038
0.000032
0.000040
-0.000131
0.000134
0.000246
0.000102
-0.000096
-0.000220
0.000007
0.000188
0.000120
0.000238
-0.000095
-0.000196
0.000145
-0.000066
-0.000363
0.000016
-0.000014
-0.000255
-0.000015
0.000127
-0.000082
-0.000098
-0.000095
-0.000466
0.000112
0.000087
-0.000098
0.000293
0.000129
0.000157
-0.000084
-0.000300
-0.000512
-0.000227
0.000360
-0.000770
-0.000903
0.000314
0.000414
0.000414
0.000325
-0.000235
-0.000585
0.000107
-0.000350
-0.000673
0.000342
-0.000155
-0.000249
0.000399
0.000376
0.000236
-0.000112
-0.000138
-0.000150
-0.000238
0.000030
-0.000086
0.000459
0.000462
-0.000234
0.000804
0.000115
-0.000937
-0.000458
-0.000638
-0.000219
0.000506
0.000465
0.000363
0.000644
0.000253
-0.000333
0.000665
0.000495
-0.000151
0.000081
0.000755
-0.000378
-0.001178
0.000634
0.000855
-0.000910
-0.000677
-0.000481
-0.000375
0.000708
-0.000216
-0.001108
0.001272
0.000270
-0.001275
0.000947
0.000980
0.000206
-0.000852
-0.002067
0.000661
0.001456
-0.000581
-0.000897
-0.000904
-0.001125
0.001186
0.001563
-0.000462
-0.000275
-0.001249
0.000064
0.001876
0.000445
-0.000978
-0.000868
0.000411
-0.000217
0.000439
0.001065
-0.001140
-0.000262
-0.000017
-0.001196
0.001469
0.001291
-0.001043
-0.001046
-0.000315
0.000348
0.001734
0.001045
0.000548
0.002242
-0.000324
-0.002333
0.000209
-0.000286
-0.002230
-0.000698
0.001156
0.000503
-0.000075
-0.000662
-0.000801
0.001527
0.002735
0.001600
0.001378
0.002037
0.001487
0.000928
-0.000553
-0.001507
-0.001230
0.000157
-0.003137
-0.002994
0.000564
0.001021
0.000145
0.000762
0.002793
0.001919
0.000898
-0.002240
-0.001947
0.000826
-0.001383
-0.002138
-0.000650
0.000720
0.000719
-0.001174
-0.002999
-0.002593
0.000185
0.001578
0.001570
-0.000438
-0.004009
-0.002220
0.000247
-0.001830
0.002009
0.003020
0.000526
0.003735
0.004155
0.001473
-0.000228
-0.003832
-0.002282
0.000409
0.000279
-0.001250
-0.002109
-0.001107
0.000779
0.000009
0.000878
0.000411
-0.001802
-0.000814
0.003171
0.001201
-0.000606
0.001226
0.000319
-0.002221
0.001582
0.006429
0.000442
-0.001135
-0.000916
-0.000427
0.001475
0.000206
-0.001344
0.001535
0.000584
-0.000733
0.002010
0.001637
0.002128
0.001844
-0.001907
-0.000004
0.005366
0.004386
0.001853
0.000441
0.001656
0.003316
0.000172
-0.002212
-0.004315
-0.002115
-0.002082
-0.002688
0.002472
0.002385
0.000599
0.004466
0.000320
-0.002608
0.000549
-0.000114
0.000172
-0.000264
-0.000809
-0.000905
-0.001811
-0.002488
-0.005542
-0.001763
0.000153
-0.001925
-0.000477
-0.002185
0.001146
-0.000858
-0.004819
-0.003961
-0.002072
-0.000110
0.000564
-0.001222
-0.002514
-0.000647
-0.003608
0.002377
0.003641
-0.002419
-0.002229
-0.000873
0.000265
0.002986
0.001711
-0.000223
0.002510
0.000209
0.001078
0.001950
0.001860
-0.001781
-0.002271
0.003976
0.001053
-0.004988
-0.001493
0.004429
0.002142
0.000880
0.001682
-0.003432
-0.004489
-0.004084
-0.008262
-0.003248
0.006815
0.002309
-0.003393
-0.002459
0.000554
-0.002861
-0.001494
0.000820
-0.005557
-0.004112
0.003815
0.000705
0.000224
0.000022
-0.001650
0.001018
-0.002487
-0.002365
-0.002402
-0.003251
0.000479
-0.004217
-0.004024
0.003257
0.006708
0.000878
-0.005529
-0.004007
0.000235
0.000747
0.001334
0.003360
-0.002872
-0.002906
0.004061
0.005670
0.003580
0.002011
0.000856
0.003047
-0.000000
0.002908
0.009148
-0.001606
-0.001831
0.005619
-0.000430
-0.003060
-0.000114
0.000245
0.000936
-0.003270
-0.004270
0.001320
-0.000336
-0.002011
0.002394
0.005358
0.007561
0.002068
-0.004346
0.001836
0.004983
0.004607
0.004144
-0.000286
0.004956
0.002519
-0.001692
0.003674
0.000610
-0.002794
0.000465
-0.003262
0.000987
0.002691
0.000679
0.000794
0.000295
0.001053
-0.004081
0.002175
0.003190
-0.005217
-0.002748
0.002704
0.001418
-0.000481
-0.002027
0.007783
0.008046
-0.003316
-0.003374
-0.002602
-0.001543
0.005756
0.004919
0.002135
0.002759
-0.002125
-0.002376
0.004066
0.002526
-0.004945
-0.008551
-0.000611
0.001963
-0.001802
-0.001926
-0.005484
-0.001847
0.002967
0.001833
-0.003581
-0.009164
-0.006336
-0.000312
0.000080
0.001810
0.000710
-0.003008
0.002745
0.005643
0.000218
0.000581
-0.003013
-0.008927
-0.004270
0.001721
0.005486
-0.000865
-0.005219
0.001611
0.003738
0.002990
0.002492
-0.003198
0.003280
0.004572
-0.003451
-0.000477
0.001950
-0.004670
-0.005033
0.006447
0.003921
-0.002056
0.000624
0.001697
0.004131
0.005712
-0.001496
-0.002271
0.001161
-0.006866
-0.004668
0.001129
-0.000216
0.001303
-0.002497
-0.004480
0.002986
0.004037
-0.003054
0.001002
0.002204
0.000729
0.005104
-0.004606
-0.006021
0.003240
0.001677
-0.001593
-0.001264
-0.003225
-0.000666
0.001489
0.003251
0.010777
-0.000463
-0.003577
0.000816
-0.000280
0.002732
0.004955
0.002844
-0.005858
0.000917
0.009782
-0.001486
-0.000677
0.001944
-0.005426
-0.000886
0.003215
0.000009
-0.005744
-0.002576
-0.004286
-0.004060
-0.002568
-0.001056
0.002817
-0.003150
-0.008667
-0.001627
0.004401
0.005177
0.001806
-0.005387
-0.002548
-0.004266
-0.005783
0.001431
-0.000011
0.000165
0.003402
-0.001443
-0.002848
-0.001044
-0.000198
0.000437
0.001555
-0.000951
-0.004019
-0.007730
-0.000647
0.005145
-0.003816
-0.004544
0.001322
0.001426
0.006830
0.004344
-0.001339
-0.001298
0.000584
0.001929
0.001660
-0.001274
-0.005989
-0.003468
0.004553
0.002059
-0.001740
0.001969
0.001887
0.001070
0.004922
-0.002767
-0.003584
-0.001071
-0.011255
-0.006803
0.010076
0.005478
0.000514
-0.000727
-0.001848
-0.001120
0.000677
0.002994
0.002348
0.003124
0.003567
0.002762
0.003588
0.004935
0.002240
-0.003545
-0.003425
0.004178
0.008144
0.005932
0.003051
0.002215
0.003517
-0.005880
-0.004665
0.002068
0.001803
0.002877
0.001703
0.002886
0.006435
0.002361
-0.004192
-0.008598
-0.004848
0.003164
0.000632
-0.001800
0.004014
0.003710
-0.003064
-0.006357
-0.001616
-0.000258
-0.001223
0.001251
-0.003011
-0.006017
-0.001295
0.003544
0.002061
-0.004944
-0.007712
0.001010
0.008321
0.000820
-0.003479
-0.000022
-0.002580
-0.001195
0.002105
-0.001831
0.000564
-0.001198
-0.007387
0.000474
0.003381
-0.001478
0.005872
0.009357
0.000120
-0.002707
0.003404
0.000428
-0.004465
0.002974
0.002798
-0.003081
-0.000982
0.001664
-0.000347
-0.001974
0.003746
0.003653
-0.001497
0.000574
0.003427
-0.001100
-0.001839
-0.001311
-0.002793
0.001369
-0.006226
-0.006604
0.002615
0.001124
0.003514
0.002807
-0.004699
-0.001920
-0.000796
-0.009360
-0.003543
0.009558
0.005326
0.000926
-0.000160
-0.001850
0.000923
0.001320
-0.001349
-0.009494
-0.009180
-0.001546
-0.002906
-0.003986
-0.003018
-0.005352
-0.001005
0.000454
0.002096
-0.001053
-0.003791
-0.002265
0.001468
0.008513
0.005118
-0.000554
-0.001623
0.003805
0.003478
-0.002292
0.004213
0.002690
-0.004136
-0.001431
-0.003998
-0.004724
-0.003467
-0.003087
0.000263
-0.000674
-0.000010
0.002645
0.002870
0.002101
0.001006
0.001750
0.004441
-0.000720
-0.001778
-0.003141
-0.000567
0.004951
0.001656
-0.003223
-0.004752
0.000964
0.001994
-0.000448
-0.000701
0.005206
0.003569
-0.002927
0.000838
0.003539
-0.001672
-0.006116
-0.005857
0.002796
0.004840
0.001627
0.002931
0.001893
0.002422
0.004654
0.008945
0.003403
0.001832
0.009037
0.002841
-0.006074
-0.006269
-0.001999
-0.002879
-0.001681
0.004970
0.002193
-0.003710
-0.004406
-0.006459
-0.000880
0.009584
0.006494
-0.002916
-0.002958
0.003647
0.005972
-0.004815
-0.009023
-0.000699
0.006061
0.003361
-0.005797
-0.001253
0.001938
0.002087
-0.002580
0.003280
0.005680
-0.003409
-0.001000
-0.001908
-0.002962
0.002722
0.001782
-0.000614
0.002615
0.000425
-0.005968
-0.007897
0.000177
0.003998
0.003268
0.009153
0.002116
-0.005746
0.003494
0.002402
-0.002877
0.001425
-0.003596
-0.005543
-0.001280
0.000401
-0.001035
-0.000534
0.001953
0.003540
0.002058
0.004082
0.003272
-0.003404
-0.005394
-0.004682
0.005431
0.005295
-0.001030
-0.001049
0.004133
0.002449
-0.000198
0.006635
0.003752
-0.004515
-0.002736
0.005439
0.006230
0.000084
-0.003499
0.003967
0.006097
-0.002344
0.000019
-0.004088
-0.005344
0.001570
0.001818
0.001385
-0.002069
-0.009088
-0.003961
0.008294
0.006707
-0.001353
-0.005305
-0.003083
0.002530
0.002922
-0.000008
-0.002750
-0.005214
-0.001108
-0.000203
-0.001850
0.000829
0.000507
-0.002001
-0.001918
0.003378
0.002207
-0.004731
-0.000514
0.006445
0.004864
0.001600
0.004260
0.000748
-0.006706
-0.000108
0.004929
-0.005014
-0.007676
-0.005343
-0.004018
-0.001808
-0.000530
-0.003428
-0.004888
-0.006860
-0.002268
0.003113
-0.000718
0.003189
0.005183
0.000361
-0.000760
0.000454
0.000026
0.001334
-0.002011
-0.003580
0.001312
0.005769
-0.000081
-0.000063
0.001881
-0.000312
-0.000650
0.001535
0.001983
-0.000706
0.005603
0.005899
-0.000208
-0.005746
-0.003017
-0.001074
0.000478
0.003419
0.000096
-0.002179
-0.004414
-0.007022
-0.002755
-0.000896
-0.000996
0.004394
0.006049
0.002250
-0.001861
-0.001575
-0.003869
0.002030
0.007031
0.005689
0.005549
-0.004869
-0.000907
0.009557
0.003388
0.001662
-0.007136
-0.008881
-0.002229
-0.000826
0.003104
0.005524
-0.002842
-0.001316
0.006071
0.003671
0.008702
0.005017
-0.004078
-0.004841
0.003154
0.006777
-0.003008
-0.004431
0.004028
-0.000916
-0.009765
-0.002400
0.001919
-0.006003
0.001255
0.002359
-0.005292
0.001212
-0.001501
-0.002375
-0.001789
0.000171
0.003728
0.000592
0.000990
-0.000766
0.000276
0.002195
-0.003085
-0.003778
-0.003573
-0.007093
-0.006061
-0.004589
-0.003971
-0.002751
0.003659
0.006581
-0.002247
-0.009162
-0.004615
-0.000699
0.001742
0.000208
-0.003220
-0.000449
0.001847
0.006396
0.001993
0.002435
0.000179
-0.001851
0.003343
-0.003194
-0.002363
0.001833
0.001788
0.003313
0.003133
-0.000530
0.000778
0.002979
0.000393
-0.002588
-0.000466
0.000781
-0.000977
-0.002508
0.001093
-0.000020
-0.002748
-0.003093
-0.001570
-0.005710
-0.006632
-0.000043
0.001564
0.001002
0.000399
0.002197
0.002244
0.001880
-0.000090
-0.002302
0.001360
0.000842
-0.004764
-0.003922
-0.005204
-0.002315
0.003865
0.003363
0.002618
0.001891
0.000536
0.002280
0.002749
-0.003225
-0.002052
0.002768
0.000985
0.001689
0.002746
-0.004434
-0.006432
-0.000632
0.003039
0.000710
-0.002631
0.006726
0.004624
-0.005325
-0.009721
0.000516
0.007675
0.000679
-0.003865
0.002255
0.002627
-0.000430
-0.001680
-0.003963
-0.002101
-0.000025
-0.004537
-0.000945
-0.002934
0.001788
0.009771
-0.011955
-0.006880
-0.003321
-0.005844
-0.001868
0.001998
0.005619
0.003846
0.006221
0.001072
-0.003366
0.003724
0.003838
0.002085
-0.001823
-0.001402
0.001423
-0.003503
0.004504
0.008956
0.003552
0.006887
0.003968
0.004176
0.006149
-0.004978
0.001848
0.011465
0.001276
0.000643
0.004069
-0.000638
-0.004754
-0.000405
0.006534
-0.003245
-0.007442
0.001551
0.004594
0.002498
0.006305
0.004210
0.002221
0.003376
0.000162
-0.001656
0.000038
0.002152
0.001613
0.004307
0.005166
0.000588
0.002152
0.002522
0.004142
-0.000211
-0.003411
0.002926
0.000045
-0.001388
-0.002865
0.006114
0.004589
-0.006121
0.000990
-0.002905
-0.006476
-0.001163
0.002669
0.004340
0.000250
-0.002042
-0.003742
-0.001025
0.006565
-0.000564
-0.004987
0.003714
0.003768
-0.005493
-0.005862
-0.001246
0.005527
0.006961
0.000682
-0.006081
-0.006741
-0.002543
-0.003847
0.000765
0.002338
-0.005167
-0.005719
-0.006041
-0.003221
-0.000177
-0.001986
-0.004317
-0.002052
0.002131
0.000021
-0.001750
-0.003691
-0.001852
0.006669
0.003198
-0.001053
0.001303
0.003345
0.003756
-0.007846
-0.010942
-0.002895
0.000883
0.003126
0.006039
0.005643
-0.002750
-0.003362
0.000353
0.000969
-0.003185
-0.005348
-0.001514
-0.002938
-0.003573
-0.001216
0.001521
0.001638
-0.001015
-0.003138
0.001815
0.008175
-0.005456
-0.006124
0.004282
0.002615
0.004894
0.006173
-0.001134
0.002564
0.003671
-0.007180
-0.003944
0.000957
-0.002224
-0.002202
0.002881
0.004935
0.002467
-0.000555
-0.003414
-0.001627
0.005014
0.000552
0.002598
0.002816
-0.005484
-0.002762
0.003931
0.005205
-0.000662
-0.006602
-0.001572
0.000652
-0.002523
-0.005122
-0.003975
-0.000624
-0.003027
-0.000171
-0.005399
-0.007494
-0.002052
0.000673
-0.001235
-0.002185
0.000916
-0.003765
-0.009095
-0.003110
-0.001740
0.003173
0.000313
-0.002074
-0.003416
-0.008818
0.001703
0.006861
-0.004260
-0.002018
0.006197
0.001431
0.004492
0.008741
0.002484
-0.000460
0.003937
0.004522
0.000889
0.001372
0.008359
0.008023
0.003776
0.001923
-0.001357
-0.002644
-0.002021
0.001104
0.000449
-0.001673
-0.005724
-0.003719
-0.001086
-0.000627
0.007900
0.001046
-0.007197
0.000914
0.005081
-0.000643
-0.003504
-0.001190
0.000654
0.003712
0.001610
-0.000041
-0.007334
-0.007181
0.004309
0.007164
0.001512
-0.004213
0.002133
0.002247
-0.003170
-0.002519
-0.003795
-0.000087
0.003380
0.001760
0.001771
0.002405
0.000262
0.003275
0.006760
0.001491
0.001506
0.002387
-0.002965
0.002617
0.007548
0.002320
-0.001697
0.001615
0.000703
-0.005271
-0.005706
0.000746
-0.005672
-0.004286
0.004681
-0.001808
-0.001862
0.001875
-0.001334
0.002530
0.007443
0.003006
0.003480
0.003014
-0.000550
0.001318
0.002124
0.000625
-0.001029
0.001825
0.001001
-0.001754
-0.004423
-0.000367
0.006233
-0.002435
-0.005546
-0.005578
-0.004527
0.000602
-0.000870
0.003069
0.005162
-0.005642
-0.003008
0.002114
-0.001012
-0.000825
0.000380
-0.000828
-0.002592
-0.002224
-0.003338
-0.005913
-0.001899
-0.007163
-0.007764
0.000241
0.002355
0.000503
0.003803
0.008129
-0.004883
-0.000554
0.005758
-0.000149
0.001767
-0.003966
-0.006113
-0.001436
-0.001471
0.000910
0.003341
-0.003545
-0.007062
-0.001924
0.003847
0.002353
-0.004355
-0.000711
0.007243
0.000007
-0.004573
-0.002166
-0.001528
0.003227
0.004668
0.001469
-0.002779
-0.001095
-0.005392
-0.004584
0.001544
-0.002381
-0.002363
0.002343
0.003208
-0.001866
0.000145
0.008274
0.002779
0.002015
0.007990
0.009761
0.008596
0.003345
0.000943
0.001732
0.004100
0.007141
-0.001990
0.000690
0.003087
0.003820
0.007929
0.000664
-0.004648
-0.003516
-0.003285
-0.005754
0.002409
0.003537
0.000614
-0.000291
-0.002550
0.001249
0.003518
-0.004457
-0.008497
-0.003272
0.000365
0.000028
-0.003095
0.002617
0.000323
-0.006057
0.002166
0.007162
0.003855
-0.004854
-0.002974
0.000284
-0.002955
-0.005218
-0.002707
-0.003378
0.000815
0.001479
-0.002099
-0.004152
-0.007768
-0.001228
0.002277
0.004053
0.001855
-0.004291
0.005220
0.002909
-0.001101
-0.000415
-0.005813
-0.001908
0.000193
0.004151
-0.001523
0.001177
0.007727
0.000440
0.003248
0.004259
0.002172
-0.002530
-0.004802
-0.000231
0.004130
0.001867
-0.002376
-0.003885
-0.000940
0.000328
0.002655
0.000425
-0.001429
0.006976
0.001334
0.000656
0.008881
0.002218
-0.002516
-0.001165
-0.000791
0.000679
0.003053
-0.004025
-0.007457
-0.002640
0.000366
0.002955
0.006024
0.005271
0.000156
0.001612
0.006584
0.001356
-0.003643
0.002600
0.000214
0.001184
0.000855
-0.000969
0.003817
-0.002007
-0.005461
-0.003861
-0.002801
-0.000482
-0.001717
-0.006380
-0.004790
0.005128
0.009224
0.001029
0.002497
-0.000061
0.000909
0.003527
-0.000756
-0.002438
0.001965
0.001008
-0.000405
0.004512
-0.002689
-0.003125
0.007378
0.001414
-0.003014
-0.002697
-0.005374
0.005550
0.005068
-0.002583
0.000529
-0.005123
-0.002462
0.001165
-0.006620
-0.002866
-0.000437
-0.006254
-0.004481
-0.005746
-0.003891
0.003873
0.004113
-0.000878
-0.001084
0.004253
-0.000730
-0.005229
-0.004092
0.000151
0.003523
-0.003180
-0.003676
0.002943
0.000169
-0.003658
0.000030
-0.000040
-0.001499
-0.000752
0.000442
0.001577
-0.000801
-0.005493
-0.002462
0.004204
0.004104
-0.000900
-0.007166
-0.005392
0.001535
0.006356
0.004654
-0.001181
-0.004953
-0.001162
-0.000228
-0.000213
-0.000405
0.001286
0.000005
0.001175
0.003301
-0.000102
-0.004822
0.001178
0.003261
-0.000253
0.000989
-0.001112
0.003053
0.004179
0.001914
0.003506
-0.002452
-0.005760
0.004639
0.006386
-0.003875
-0.003717
-0.000796
-0.003609
-0.000665
0.001955
0.002428
-0.001048
-0.003737
-0.004457
-0.003165
0.001157
0.003125
-0.003223
-0.000459
-0.003371
-0.004370
0.003354
-0.003102
-0.006506
-0.005703
0.002654
0.007750
0.000169
-0.004130
0.000535
-0.002311
-0.006007
0.001378
0.003988
0.002420
0.002805
0.007432
0.004312
-0.002064
0.005562
-0.002202
-0.006277
0.006524
0.003004
0.000463
0.001080
-0.002081
-0.002905
0.000996
-0.000294
0.000244
0.001324
-0.004031
-0.000848
-0.001807
-0.000524
0.001721
-0.002614
-0.004139
-0.001946
0.002511
0.001219
0.000995
0.001329
-0.001734
0.004070
0.005064
-0.007815
-0.009136
0.000562
0.001113
-0.001049
-0.002721
0.002805
0.007236
0.003650
-0.001279
0.003334
0.006229
-0.000178
-0.003797
-0.003691
0.001975
0.006255
0.001693
-0.001012
-0.004395
-0.006075
-0.000128
0.001614
-0.001430
0.001126
0.000559
0.000418
0.005905
-0.000510
-0.002943
0.006774
0.000361
-0.000366
0.002699
-0.000317
-0.000737
-0.001332
0.001763
-0.001246
-0.004329
0.001102
-0.001619
0.005757
0.007281
-0.001442
-0.002210
0.002252
0.002329
-0.001688
-0.001032
0.000442
0.002051
0.000449
0.001004
0.005249
0.003187
0.000543
0.000368
-0.000007
0.001462
0.000708
0.000529
0.003326
0.000689
-0.003563
-0.002297
-0.006200
-0.003750
0.000789
-0.003824
-0.001449
-0.002353
-0.003284
0.004624
0.000728
-0.002939
0.004775
0.002334
-0.000619
0.003648
0.000970
-0.000933
-0.001966
-0.005197
0.001626
0.005750
0.002808
-0.004941
-0.013421
-0.002391
0.006371
0.003392
0.000351
0.003904
-0.002658
0.000769
0.002618
-0.008162
-0.003302
0.004879
0.005137
0.002656
-0.000216
-0.001459
0.002790
0.001191
-0.001155
0.001068
-0.001114
0.005393
0.005498
-0.004534
0.001712
0.009010
-0.000913
-0.005163
-0.002340
-0.003936
-0.003451
0.001810
0.003813
0.003423
-0.001955
-0.002331
-0.000789
-0.005823
-0.005785
0.000516
0.002472
0.001751
-0.000969
-0.004230
0.001433
0.001848
-0.002936
-0.008145
-0.006549
-0.004942
-0.004267
-0.000729
0.004226
-0.000073
-0.003075
-0.000051
-0.001227
0.001202
0.013454
0.007880
-0.005566
-0.003503
0.001559
-0.000065
-0.003703
0.002283
-0.000359
-0.004263
0.003659
0.008123
-0.000820
-0.003236
0.005362
0.004503
0.003062
0.000651
-0.003449
-0.004663
-0.001919
0.002907
-0.000432
-0.002977
-0.003223
-0.003751
0.003116
0.001039
-0.005000
-0.001432
-0.000301
-0.005763
-0.003165
0.000290
0.001433
0.004478
-0.002599
-0.004981
-0.001489
-0.002303
0.002015
0.006218
0.006618
0.008236
0.004327
-0.004141
-0.001994
0.001056
-0.000645
0.001518
0.004781
0.003216
-0.002377
0.001925
0.004925
-0.001468
0.000024
0.000777
0.004117
0.008216
0.002062
0.004443
0.000094
0.000523
0.007891
-0.000756
0.002519
0.006739
0.001431
0.000210
0.005173
0.008722
0.004208
-0.004569
-0.002902
-0.001970
-0.000322
0.008822
0.002399
-0.004603
-0.001742
-0.004252
-0.001834
-0.004232
-0.004012
-0.003249
-0.004158
0.002544
-0.001641
-0.006001
-0.000666
0.002908
0.003171
0.004900
0.000709
-0.003610
-0.000092
-0.005531
-0.001154
-0.000706
-0.007947
-0.002579
0.004981
0.000752
0.000949
0.000906
-0.004075
-0.000798
-0.000191
-0.007675
-0.007798
0.000118
0.003195
0.004325
-0.000180
-0.000634
-0.000192
-0.007290
-0.004036
0.003168
0.000310
-0.004690
-0.005175
-0.002100
-0.001318
-0.000452
0.003116
-0.002373
-0.003725
0.000676
-0.001789
-0.000873
0.001728
-0.000416
-0.001971
0.002974
-0.000757
-0.003665
-0.001603
0.000488
0.001108
0.005236
-0.000064
-0.008332
0.001238
0.002549
-0.005486
-0.001056
0.001520
-0.001737
0.002904
-0.000527
-0.001995
0.000809
0.000095
0.001297
0.002452
0.004181
0.003621
-0.003852
-0.004057
0.002133
0.002346
-0.003117
-0.002935
0.002242
0.004394
0.004991
-0.002328
-0.001947
0.003063
-0.002276
-0.004776
-0.004411
0.001492
0.005659
0.001900
-0.001994
-0.000794
0.002332
-0.000121
-0.002033
-0.001764
-0.002610
0.004174
0.000380
-0.002054
-0.000072
-0.004844
-0.001619
0.000217
0.001663
0.001711
-0.002637
-0.000078
-0.003910
-0.003941
0.001795
-0.002978
-0.003265
-0.001414
-0.000141
-0.003388
-0.005424
-0.002270
-0.000480
0.005212
0.002814
-0.000919
0.002497
-0.000408
0.000662
0.008281
0.001897
-0.000224
0.000840
-0.005053
-0.001447
0.002643
-0.001075
-0.002478
0.007738
0.009451
0.002985
0.005953
0.001896
-0.005358
-0.002259
-0.001113
0.001741
0.006055
0.002918
0.000865
0.004608
0.001743
-0.004103
-0.001739
0.002778
0.000429
0.004210
0.001467
-0.002103
-0.000208
-0.004513
-0.005641
-0.000713
-0.004424
-0.005940
-0.003666
-0.002899
-0.002282
-0.001516
-0.000513
0.001927
0.007268
0.004986
-0.002286
0.002529
0.005939
0.001464
0.002804
0.004935
0.003630
-0.001909
-0.002489
0.002571
0.003871
0.002985
0.001598
-0.003282
-0.004931
0.002178
0.001100
0.001375
0.010110
0.009867
-0.003976
-0.005451
0.004250
0.004663
-0.000169
-0.003247
-0.003508
0.001675
0.001172
-0.003423
0.002844
0.003759
0.001501
0.002934
-0.002271
-0.003639
-0.000494
-0.000686
-0.000449
-0.003579
-0.006823
-0.000625
0.000617
0.002488
0.008387
0.003366
-0.002878
-0.005653
-0.000296
0.006045
0.002549
-0.003810
-0.000879
0.001849
0.001802
0.000261
-0.000477
0.004296
0.000117
0.000226
0.002534
0.000582
-0.000810
0.000611
0.003359
-0.000645
-0.002898
-0.001398
-0.000485
0.001642
0.003551
0.003481
-0.004566
-0.008823
-0.004411
0.002020
0.006667
0.001438
-0.000165
-0.000608
-0.003570
0.000678
0.002594
-0.004246
-0.002616
0.001047
-0.003092
0.001818
0.000333
-0.004126
0.000113
-0.000736
-0.003219
0.000300
0.003648
-0.004930
-0.007153
-0.001434
-0.001251
-0.000425
0.002432
0.002161
-0.001294
-0.002651
0.000253
0.003919
0.000680
0.002178
0.004711
-0.004677
-0.005826
0.000142
0.004360
0.000312
-0.002465
0.002182
-0.001627
-0.002670
-0.000149
-0.002657
-0.001185
-0.000875
-0.004827
-0.000453
0.004882
0.002380
0.001610
0.000517
0.001464
0.001212
0.002042
0.004661
-0.000052
-0.001975
-0.002912
0.000481
0.002967
-0.001281
-0.002225
-0.000910
0.001743
-0.000111
-0.000796
0.000446
-0.006121
-0.006267
-0.003864
-0.002326
0.003162
0.002066
-0.002554
-0.000737
0.005966
0.002986
-0.004478
-0.002026
-0.000150
-0.002391
0.000749
0.004951
0.001274
-0.003434
-0.003598
-0.000719
-0.000436
0.000137
-0.002588
-0.000878
0.000164
0.003485
-0.000228
-0.007443
0.004925
0.008472
-0.001473
0.000002
-0.002279
-0.004237
-0.000577
-0.002640
-0.002604
-0.000869
-0.001783
-0.005130
-0.002804
-0.000553
-0.001380
-0.006190
-0.006204
-0.001605
0.000715
0.002467
-0.002027
-0.002564
-0.002925
0.000593
0.003742
-0.001741
0.003196
0.006156
-0.006622
-0.000535
0.004973
-0.001679
-0.006881
-0.005403
0.001076
0.000995
0.002878
0.006265
0.002358
-0.003027
-0.003063
-0.003985
-0.000475
0.002627
0.000428
0.002516
0.001949
-0.001294
0.004923
-0.000826
-0.001293
0.009367
0.002393
0.004318
0.004022
-0.003258
-0.001236
-0.002481
-0.006827
-0.001388
0.000873
-0.002682
-0.000096
0.000977
-0.003699
-0.006617
-0.004732
0.002070
-0.000925
-0.002693
0.002249
0.006032
0.003793
-0.000256
0.001972
-0.000990
-0.003939
-0.002462
0.005019
0.004322
-0.001084
0.000177
0.000552
-0.003007
-0.001818
0.005517
0.004068
-0.002265
-0.004860
-0.008226
-0.005672
-0.001180
0.006396
0.003769
0.000523
0.003771
0.003338
-0.002108
-0.002951
0.004428
0.005005
0.002663
0.004791
0.000762
-0.003485
0.001728
0.003595
0.004379
0.006190
0.004423
0.003719
0.002457
0.001733
0.002113
0.000103
-0.000091
0.000974
0.002715
0.001028
-0.001388
0.001414
0.005100
0.000245
-0.008576
-0.003824
0.001464
0.002920
0.005119
-0.001233
-0.005525
-0.002378
0.005176
0.006367
0.002471
-0.003314
-0.001289
-0.002775
0.001043
0.007304
-0.001446
-0.006603
-0.002603
-0.002817
-0.005400
0.003401
0.004864
0.000095
0.001678
0.001934
0.004072
0.001668
-0.003501
-0.001911
-0.003368
-0.001870
0.001966
0.000425
0.004433
0.003024
-0.003419
0.002445
0.004146
-0.002158
-0.002232
-0.003659
-0.001877
0.005743
0.003890
0.001653
0.003439
-0.002207
-0.002103
0.000295
-0.000841
0.001963
0.001385
0.001946
-0.001738
-0.007580
0.002474
0.005220
-0.000083
-0.000450
-0.001006
-0.001420
-0.002648
-0.002862
0.004181
0.009824
0.006023
-0.002280
-0.003282
0.004932
0.003972
-0.002405
-0.000315
-0.004859
-0.005240
0.000429
0.004957
0.002963
-0.001141
0.000566
0.004820
0.005124
-0.000053
-0.002110
0.003615
0.002897
-0.000258
0.000029
0.001349
-0.001310
-0.005246
-0.002392
-0.000827
-0.002276
0.001149
0.002273
0.001827
0.005159
-0.001072
-0.004530
0.002210
-0.003349
-0.002493
0.002460
-0.003207
0.001677
0.005608
-0.004481
-0.003981
-0.001390
-0.004721
-0.004553
-0.002980
-0.003152
-0.004959
-0.004319
0.001548
0.003407
0.006567
0.003429
-0.006707
-0.005874
-0.009118
-0.004688
0.002227
0.001607
0.004840
0.007191
0.003515
-0.002786
-0.008062
-0.002850
-0.001738
-0.006372
-0.001519
0.002455
-0.005837
-0.009764
-0.005856
-0.002167
-0.000038
0.004146
0.004185
-0.003763
-0.000781
0.006075
0.002763
0.004494
0.003624
-0.000567
-0.000870
0.002061
0.004565
0.002236
-0.000924
-0.001980
0.000311
-0.001912
-0.001712
0.004291
0.004382
0.000360
0.002285
0.000826
-0.003913
-0.006501
-0.002290
0.001090
0.000181
0.001284
-0.005088
-0.008898
-0.002613
0.002790
-0.006481
-0.006304
-0.000227
-0.001910
-0.002873
-0.003585
0.000294
0.001491
-0.004081
0.000966
0.004128
-0.003477
-0.003645
-0.003798
-0.001560
0.005173
0.009621
0.004068
-0.002441
-0.003585
0.001706
0.006083
0.004090
0.009640
0.003783
-0.005001
0.001100
-0.000743
-0.000531
-0.002216
-0.004944
0.000811
0.002155
-0.000696
-0.001749
-0.003037
-0.001030
0.001989
-0.002869
-0.007188
-0.000586
-0.001476
-0.004786
-0.000971
-0.001148
-0.000993
0.005954
0.006851
0.003224
0.001450
0.002664
-0.000075
-0.008581
-0.006035
0.005584
0.007516
-0.000947
-0.003778
0.000559
0.003363
-0.001553
-0.005709
-0.002139
-0.001318
-0.000107
0.006210
-0.003030
-0.004052
0.003146
-0.001791
0.002793
0.010059
0.003615
-0.000459
0.001334
0.003034
-0.002252
-0.005771
-0.000882
0.003363
0.001202
-0.003735
0.001762
0.004521
-0.000716
-0.001039
0.001574
-0.001763
-0.005143
-0.003167
-0.001468
-0.001734
0.001242
-0.001374
-0.008330
-0.005152
-0.005702
-0.011016
-0.030472
-0.053099
-0.057127
-0.023716
0.034624
0.055318
0.045053
-0.027403
-0.124209
-0.101114
0.024103
0.162847
0.257981
0.281969
0.223827
0.129798
0.004434
-0.213147
-0.325738
-0.377046
-0.275448
0.131224
0.272678
0.135375
0.070009
0.035876
0.031013
-0.052931
-0.307184
-0.579852
-0.326810
0.206646
0.210332
0.100952
0.221439
0.241033
0.111521
0.047746
-0.016539
0.091923
0.204220
0.052472
-0.008521
0.014216
0.130142
0.201319
0.067366
-0.185490
-0.276666
-0.173399
-0.078493
0.074344
0.182639
0.078710
-0.282564
-0.463452
-0.045994
0.380071
0.190357
-0.236303
-0.305036
0.007632
0.129156
-0.031925
0.045543
0.222286
0.169992
-0.007767
-0.129432
-0.131315
-0.163199
-0.132915
0.003953
0.194166
0.211669
0.043412
-0.063482
-0.023537
0.171135
0.167802
-0.037979
-0.058670
-0.090159
-0.198632
-0.201154
-0.176295
-0.029207
0.181911
0.254078
0.161106
-0.087806
-0.193415
-0.138251
-0.124226
0.055429
0.186807
0.101323
0.052522
0.125555
0.208327
-0.087573
-0.412698
-0.280304
-0.021173
0.245053
0.189267
-0.113222
-0.221057
-0.150927
0.056670
0.289514
0.419865
0.397589
0.134191
-0.252140
-0.494173
-0.244495
0.139146
0.089546
0.005587
0.059583
-0.018029
-0.020562
-0.009072
0.045861
0.213264
0.088117
-0.136839
-0.072660
-0.006524
-0.130272
-0.375515
-0.408421
-0.069870
0.231492
0.185104
0.017656
0.172162
0.237773
-0.126973
-0.123104
0.348038
0.456523
0.013416
-0.148359
-0.144379
-0.317273
-0.137820
0.107779
0.182188
0.209553
0.168649
-0.059218
-0.213470
-0.137603
-0.322571
-0.472722
-0.211890
-0.017035
0.328102
0.608739
0.236140
0.029525
0.401946
0.213712
-0.278561
-0.490924
-0.575123
-0.411063
-0.013001
0.181047
-0.050926
-0.072321
0.435291
0.678662
0.115084
-0.269423
-0.013331
0.167478
0.071178
0.037347
-0.043927
-0.059987
0.054669
-0.129618
-0.071273
0.099172
-0.046472
-0.140226
-0.301647
-0.133275
0.183564
0.136476
0.185616
0.152164
0.009802
-0.012851
-0.119911
-0.234035
-0.280376
-0.084141
0.212004
0.290625
0.099268
-0.137210
-0.175268
-0.158934
-0.138353
-0.037126
0.207278
0.273843
-0.117742
-0.129052
0.113109
0.006759
0.011373
0.067276
-0.071699
-0.097023
-0.032208
-0.088272
-0.143739
-0.059610
0.109050
0.123872
0.177854
0.482442
0.481631
-0.265138
-0.563180
-0.074337
0.095808
0.045361
0.026040
0.089700
0.101788
-0.276594
-0.661236
-0.519215
0.030373
0.275946
0.379423
0.483979
0.193479
-0.105440
-0.394710
-0.445622
-0.142907
0.183019
0.300347
0.255128
0.212689
0.127940
-0.043160
-0.197515
0.063529
0.435162
0.163480
-0.307784
-0.543176
-0.350486
0.106642
0.324843
0.426775
0.489146
0.447134
0.218756
-0.201331
-0.219040
-0.034159
-0.148751
0.008369
0.037421
-0.656830
-1.102927
-0.763674
-0.412015
-1.028542
-1.580340
-0.849177
0.313244
0.942924
0.417739
-0.843276
-1.854822
-2.433256
-1.210741
2.783831
6.645187
7.726872
5.429983
1.317246
-1.273028
-1.707139
-0.844219
0.689501
1.049036
-0.699631
-2.694417
-3.221849
-3.162549
-3.364115
-3.564996
-3.620949
-2.953775
-1.724138
-0.295822
1.923904
4.215418
5.215241
4.836258
3.662622
2.356456
1.356889
0.119403
-1.609509
-3.225301
-4.112143
-3.983068
-2.971087
-1.095553
1.222754
2.573786
2.394661
1.166999
-0.249945
-0.795984
-0.326517
0.301496
0.615077
0.815695
0.592997
0.145991
-0.302062
-0.444509
-0.248271
-0.479200
-0.527345
-0.165716
0.183701
0.271950
-0.389924
-0.800618
-0.321113
-0.078309
-0.463089
-0.521610
0.271840
1.221022
1.255911
0.451773
-0.152840
-0.293403
-0.307295
-0.366165
-0.536278
-0.173445
0.657682
0.825468
0.507360
0.194679
0.011281
0.236922
0.555523
0.623020
0.444022
-0.019579
-0.714178
-1.371039
-1.333762
-0.716849
-0.221624
0.148415
0.467378
0.722998
0.719935
0.234920
-0.264220
-0.219590
0.159342
0.080667
-0.352121
-0.357725
-0.363404
-0.547292
-0.403963
0.028510
0.295449
0.470799
0.853156
0.952575
0.635156
0.411596
0.250268
-0.003929
-0.300784
-0.597422
-0.594210
-0.208316
0.031455
0.397795
0.764091
0.682790
0.429745
0.010452
-0.390290
-0.885000
-1.527626
-1.713657
-1.185967
-0.508758
-0.098332
0.374148
0.965081
1.280148
0.972281
0.403360
0.136689
0.252056
0.441155
0.302067
0.214942
-0.026971
-0.827338
-1.295370
-1.176369
-0.868495
-0.174215
0.390437
0.360050
0.380443
0.625553
0.672313
0.348587
-0.106083
-0.265459
-0.234076
-0.154474
-0.084026
-0.222722
-0.105167
0.425422
0.831832
0.742728
0.433959
0.405335
0.060190
-0.645084
-0.654725
-0.236477
0.076355
0.280046
0.144763
-0.157123
-0.323148
-0.508526
-0.667861
-0.587288
-0.379792
-0.105242
0.091718
0.214462
0.380434
0.402243
0.401185
0.458887
0.375081
0.258582
0.214923
-0.001976
-0.420937
-0.511964
-0.336617
-0.345376
-0.166494
0.163060
0.221120
0.131876
-0.043854
-0.144019
-0.022873
0.069476
0.052339
-0.001158
-0.017729
-0.031899
-0.002452
0.272956
0.531555
0.245715
-0.334742
-0.543478
-0.364323
-0.172586
-0.090633
0.052210
0.380628
0.666942
0.673788
0.292445
-0.371903
-0.645301
-0.292627
0.295233
0.537540
0.271192
0.076286
0.007720
-0.035291
0.004914
-0.112415
-0.134333
0.049702
-0.056812
-0.454527
-0.539100
-0.318080
-0.125911
-0.002376
0.120437
0.278991
0.328313
0.402700
0.341174
-0.057727
-0.255371
-0.323711
-0.364136
-0.042145
0.269368
0.304885
0.021007
-0.275822
-0.221512
-0.164922
-0.037603
0.269482
0.384726
0.397984
0.170067
-0.216669
-0.167194
0.107377
-0.033869
-0.388907
-0.451014
-0.288937
-0.141313
-0.034324
0.032629
0.107705
0.283982
0.260200
-0.054327
-0.094115
0.246394
0.331346
-0.002950
-0.219792
-0.127018
0.164290
0.499226
0.325921
-0.303148
-0.536722
-0.386657
-0.325593
-0.384715
-0.343216
-0.146990
-0.082944
0.007640
0.195358
0.388752
0.578272
0.540152
0.318832
-0.004040
-0.238094
-0.230890
-0.259008
-0.278964
-0.191568
-0.101801
-0.224928
-0.376696
-0.271334
-0.119432
0.122616
0.563730
0.959620
1.074096
0.875952
0.713407
0.531297
0.040695
-0.234954
-0.376581
-0.652465
-0.658228
-0.601582
-0.667356
-0.712931
-0.600122
-0.440239
-0.346482
-0.010040
0.316191
0.301136
0.302984
0.485457
0.469190
0.132557
-0.081658
0.129828
0.421869
0.453032
0.164539
-0.299737
-0.554574
-0.516399
-0.447151
-0.502465
-0.567606
-0.445413
-0.177177
0.022453
0.246948
0.486101
0.413572
0.311198
0.299408
0.265068
0.319240
0.277002
0.359989
0.527632
0.448380
0.266656
0.028882
-0.092093
0.015415
0.186087
0.270719
0.090802
-0.238591
-0.557724
-0.787425
-0.716964
-0.424483
-0.319245
-0.368077
-0.194563
0.202019
0.665460
0.932725
0.849530
0.499427
0.189176
0.164259
0.109126
-0.134661
-0.336041
-0.458687
-0.574231
-0.623882
-0.467103
-0.340775
-0.378617
-0.365307
-0.292713
-0.184238
-0.010150
0.200930
0.435599
0.636617
0.626302
0.352835
0.111112
0.027696
-0.146041
-0.263389
-0.061286
0.287752
0.543339
0.539380
0.225133
-0.134888
-0.165650
-0.052736
-0.216161
-0.471473
-0.393332
-0.255259
-0.346873
-0.444870
-0.369641
-0.063064
0.264629
0.274490
0.115938
0.190055
0.471809
0.664629
0.613838
0.388231
0.162474
-0.016818
-0.163074
-0.270080
-0.423584
-0.636806
-0.742069
-0.616136
-0.357112
-0.041690
0.221321
0.340970
0.356193
0.280604
0.134460
0.000923
-0.088465
-0.149249
-0.095452
0.060961
0.113592
0.163176
0.256687
0.287141
0.356173
0.320166
0.047431
-0.216735
-0.214479
-0.059496
-0.029798
-0.077620
0.020196
0.174980
0.167386
0.077836
0.026575
-0.120708
-0.436042
-0.704011
-0.646244
-0.187888
0.331358
0.364937
-0.069851
-0.386938
-0.349521
-0.234716
-0.212316
-0.124957
0.119324
0.307043
0.330690
0.292787
0.312356
0.366640
0.234577
-0.079621
-0.205230
-0.103088
-0.060079
-0.061048
0.031980
0.118703
0.044905
-0.007735
0.084672
0.150655
0.195672
0.293754
0.258137
0.040496
-0.071594
0.008282
0.168049
0.289671
0.229533
-0.045656
-0.343551
-0.385972
-0.225961
-0.151624
-0.141837
-0.065546
0.021450
-0.022735
-0.175970
-0.228626
-0.152846
-0.002801
0.124163
0.106514
0.081149
0.123732
0.023051
-0.124703
-0.029692
0.097554
-0.087363
-0.322540
-0.361205
-0.273642
-0.004886
0.201178
0.116945
0.029059
0.071689
0.076196
0.029054
0.056680
0.198231
0.295972
0.158389
0.054490
0.101977
0.020617
-0.057468
-0.002282
0.176461
0.434206
0.425889
0.244493
0.153111
0.013900
-0.151594
-0.169368
-0.107385
-0.137141
-0.261589
-0.378699
-0.495201
-0.601316
-0.508597
-0.182459
0.006229
-0.008212
0.026337
0.098730
0.214247
0.353418
0.401845
0.293719
0.122953
0.027283
-0.077542
-0.153197
-0.165375
-0.201211
-0.139007
0.003350
0.070320
0.047084
0.004815
0.077401
0.229919
0.335522
0.307633
0.135150
-0.101146
-0.319290
-0.442403
-0.374699
-0.252497
-0.245792
-0.207236
-0.017884
0.228105
0.390269
0.360067
0.250703
0.183469
0.184497
0.168416
0.014343
-0.083794
-0.036732
-0.001815
-0.022428
-0.016537
0.074189
0.094473
-0.084813
-0.260090
-0.260674
-0.159452
-0.077990
-0.076287
-0.100945
-0.029727
0.069900
0.026466
-0.024847
0.066667
0.206998
0.227549
0.162558
0.187000
0.273429
0.270315
0.104710
-0.071984
-0.186199
-0.311712
-0.387463
-0.369912
-0.289495
-0.186083
-0.071213
0.077481
0.202595
0.219215
0.163803
0.151473
0.179268
0.164797
0.063135
-0.030082
0.046170
0.173159
0.125934
0.049102
0.080261
0.041030
-0.054970
-0.068188
0.007606
0.059576
0.045038
0.001027
-0.050637
-0.115771
-0.225316
-0.270808
-0.196489
-0.130025
-0.154596
-0.250174
-0.280099
-0.253712
-0.239488
-0.144886
0.014531
0.174847
0.262450
0.203889
0.165704
0.246638
0.337850
0.407692
0.415492
0.351113
0.211117
0.045620
-0.057642
-0.113331
-0.124670
-0.157214
-0.211280
-0.209875
-0.201963
-0.231843
-0.250123
-0.206266
-0.202692
-0.281951
-0.321738
-0.337651
-0.334853
-0.264880
-0.172168
-0.079192
0.018132
0.093938
0.142942
0.173124
0.191179
0.206577
0.257786
0.344667
0.407259
0.369171
0.232537
0.149426
0.142359
0.082721
-0.018045
-0.099078
-0.184986
-0.248626
-0.238642
-0.098424
0.083820
0.209940
0.256681
0.181525
0.144456
0.194822
0.222532
0.149378
-0.079564
-0.292093
-0.359713
-0.300020
-0.127518
-0.058667
-0.122725
-0.140700
-0.084119
0.075909
0.282400
0.396542
0.370310
0.279211
0.218747
0.154395
0.134870
0.182581
0.211444
0.218962
0.169931
0.086150
0.027365
-0.079767
-0.201579
-0.299474
-0.348895
-0.342897
-0.387824
-0.435356
-0.469351
-0.468950
-0.373266
-0.266773
-0.190140
-0.152881
-0.131365
-0.039794
0.078659
0.148868
0.194702
0.225113
0.199192
0.168498
0.209805
0.253040
0.278612
0.266936
0.214905
0.142766
0.032809
-0.077634
-0.147042
-0.173967
-0.154125
-0.112632
-0.051239
0.010944
0.044095
0.052925
0.042490
0.032037
-0.002707
-0.030170
-0.019067
-0.034898
-0.063962
-0.063687
-0.043697
0.005470
0.067175
0.064597
-0.032973
-0.092991
-0.074811
-0.035683
0.126545
0.322851
0.350792
0.309143
0.236733
0.147816
0.103310
0.022753
-0.053833
-0.078970
-0.103505
-0.135183
-0.186793
-0.213735
-0.230744
-0.268554
-0.213889
-0.150905
-0.152800
-0.104557
0.009055
0.171557
0.271816
0.230497
0.159434
0.073767
0.022835
0.053956
0.063124
0.048600
0.029722
-0.000349
-0.035369
-0.092104
-0.105707
-0.102552
-0.166504
-0.237670
-0.258383
-0.219250
-0.116530
-0.026693
0.006328
0.036151
0.056643
0.083522
0.154802
0.220556
0.245111
0.208353
0.171334
0.145159
0.080061
0.016433
0.026302
0.067296
0.047431
-0.008602
-0.050465
-0.084361
-0.083328
-0.072942
-0.081308
-0.074196
-0.046109
-0.039983
-0.082483
-0.131599
-0.125743
-0.060333
-0.021862
-0.051062
-0.035991
0.045513
0.109140
0.119914
0.056887
-0.044923
-0.070880
0.015506
0.128973
0.170025
0.143657
0.058268
-0.059533
-0.150283
-0.215414
-0.226561
-0.197275
-0.215744
-0.292298
-0.332383
-0.263886
-0.144214
-0.112928
-0.119660
-0.086288
-0.009114
0.126162
0.278445
0.382416
0.405584
0.386033
0.385271
0.411251
0.389970
0.310210
0.214349
0.100874
0.022138
-0.030958
-0.059675
-0.061719
-0.094778
-0.136245
-0.154721
-0.161754
-0.157108
-0.109649
-0.096019
-0.141090
-0.118489
-0.025474
0.038644
0.010270
-0.032049
-0.054858
-0.109057
-0.122603
-0.095334
-0.080990
-0.053700
0.009209
0.070801
0.109387
0.203053
0.318377
0.345783
0.314964
0.230407
0.123787
0.075526
0.050777
-0.021044
-0.104375
-0.162687
-0.223103
-0.243136
-0.223275
-0.210580
-0.210883
-0.210178
-0.170637
-0.105056
-0.047711
0.033848
0.093800
0.108830
0.084082
0.048528
0.048555
0.026961
0.010186
0.055319
0.124146
0.152572
0.055284
-0.096167
-0.138370
-0.092776
-0.060546
-0.036401
0.027623
0.031092
-0.045788
-0.074220
-0.090181
-0.120573
-0.094260
-0.042153
-0.011285
-0.061033
-0.183184
-0.180686
-0.014270
0.132339
0.162263
0.095532
0.058288
0.040864
-0.018824
-0.016244
0.031979
0.063310
0.091377
0.101723
0.133950
0.139152
0.105365
0.134284
0.201750
0.211853
0.146262
0.073461
0.047366
0.044886
0.031155
0.006729
0.021073
0.051136
0.027214
0.006227
0.012124
0.008732
-0.034765
-0.116722
-0.168202
-0.157875
-0.154018
-0.176860
-0.174166
-0.178458
-0.217097
-0.209643
-0.166928
-0.135549
-0.098537
-0.071341
-0.068198
-0.076310
-0.067928
0.016570
0.138486
0.190368
0.143151
0.042658
0.000399
0.023796
0.032260
0.060011
0.134840
0.183929
0.155561
0.093572
0.083537
0.118749
0.145674
0.152807
0.166414
0.140774
0.037671
-0.065847
-0.140507
-0.177907
-0.183515
-0.183867
-0.150191
-0.115048
-0.097920
-0.040931
0.018789
0.048193
0.089609
0.102387
0.066027
0.037558
0.023588
-0.011560
-0.076984
-0.143041
-0.159153
-0.125572
-0.056826
0.054425
0.121904
0.105073
0.051467
0.012616
0.040319
0.113862
0.158008
0.129950
0.100538
0.085566
0.030683
0.040547
0.078327
0.051359
0.020892
-0.018060
-0.070050
-0.147592
-0.228952
-0.203110
-0.131988
-0.134248
-0.159700
-0.187145
-0.207600
-0.185129
-0.163314
-0.165203
-0.131175
-0.030733
0.036031
0.056308
0.099216
0.154468
0.192233
0.201592
0.194266
0.187534
0.189625
0.192773
0.189429
0.176541
0.159012
0.116570
0.049509
-0.003638
-0.016072
-0.002243
-0.010639
-0.055457
-0.107913
-0.151852
-0.173496
-0.150289
-0.091448
-0.046778
-0.041406
-0.037944
-0.014408
-0.031302
-0.076205
-0.124369
-0.164730
-0.158269
-0.103148
-0.009047
0.074460
0.125298
0.174713
0.212600
0.214479
0.184906
0.146479
0.105640
0.077018
0.080991
0.083933
0.069378
0.044822
-0.018634
-0.120833
-0.185001
-0.215280
-0.240592
-0.215907
-0.149125
-0.075049
-0.015932
-0.004262
0.011500
0.068913
0.092968
0.065507
0.056013
0.100376
0.150767
0.176125
0.185749
0.195597
0.225522
0.240780
0.219006
0.154935
0.051164
-0.022508
-0.052940
-0.105939
-0.171909
-0.202255
-0.212227
-0.246556
-0.252220
-0.218533
-0.212328
-0.168033
-0.098067
-0.043467
0.030732
0.083081
0.112900
0.124135
0.065447
-0.007476
-0.060063
-0.102492
-0.118108
-0.142179
-0.172386
-0.185478
-0.176389
-0.161988
-0.135692
-0.068326
0.004488
0.032529
0.022190
0.032056
0.072883
0.112235
0.112818
0.076268
0.061360
0.102940
0.158262
0.170007
0.166878
0.164144
0.168567
0.199489
0.208265
0.176284
0.141889
0.107178
0.066141
0.033907
0.028723
0.054172
0.057658
0.005645
-0.059838
-0.104521
-0.119192
-0.075670
-0.042413
-0.051252
-0.053405
-0.070853
-0.086915
-0.081146
-0.100882
-0.152551
-0.194964
-0.200397
-0.147579
-0.097644
-0.075064
-0.029264
0.013921
0.011658
-0.027050
-0.094485
-0.142133
-0.124335
-0.113208
-0.139204
-0.165689
-0.148943
-0.091617
-0.036060
0.008674
0.055194
0.122833
0.180846
0.189565
0.181525
0.178872
0.180938
0.211618
0.213237
0.162389
0.117991
0.102429
0.101629
0.101595
0.086501
0.050846
0.031958
0.020969
-0.021724
-0.056309
-0.050156
-0.046102
-0.057912
-0.076581
-0.065474
-0.023000
0.010443
0.042728
0.057172
0.035621
0.011513
-0.007881
-0.025347
-0.037484
-0.034293
-0.013044
-0.006557
-0.010246
-0.006205
-0.020727
-0.037476
-0.045024
-0.065124
-0.097554
-0.134376
-0.148918
-0.120634
-0.073678
-0.027173
0.030298
0.078403
0.080734
0.058113
0.044819
0.042030
0.038205
0.040146
0.057854
0.071731
0.043311
0.005845
-0.004031
0.015391
0.052042
0.047216
-0.002471
-0.055288
-0.087855
-0.074654
-0.012037
0.061296
0.082409
0.049199
0.017557
-0.001245
-0.032194
-0.077336
-0.110523
-0.098069
-0.072817
-0.048546
0.002852
0.037461
0.051043
0.054507
0.032023
0.015185
0.016276
0.037510
0.039865
0.016935
-0.009912
-0.045450
-0.070121
-0.058309
-0.015702
0.003182
-0.010187
0.009802
0.029440
0.036842
0.075486
0.087723
0.079839
0.070175
0.038360
0.012064
-0.005098
-0.018273
-0.030341
-0.039219
-0.038954
-0.047277
-0.055340
-0.036127
-0.008585
-0.000465
0.002886
-0.004741
-0.037895
-0.045137
-0.015924
0.020680
0.041569
0.027508
0.013048
0.001085
-0.021430
-0.047406
-0.061986
-0.052985
-0.034980
-0.004273
0.041264
0.074829
0.070996
0.026321
-0.002445
0.012245
0.046279
0.061118
0.048309
0.048979
0.050030
0.024400
-0.031557
-0.050553
-0.002500
0.035718
0.017090
-0.032543
-0.067430
-0.043527
-0.008532
-0.022033
-0.062406
-0.094080
-0.091218
-0.096239
-0.107307
-0.092269
-0.066488
-0.047182
-0.035611
-0.019692
0.012713
0.045978
0.069464
0.085231
0.080318
0.073704
0.074343
0.071937
0.072111
0.055464
0.025781
0.009760
-0.012439
-0.027300
-0.040625
-0.065300
-0.059569
-0.013324
0.057710
0.127747
0.144762
0.101448
0.027430
-0.036937
-0.058910
-0.056122
-0.049934
-0.047424
-0.044165
-0.032200
-0.002424
0.033520
0.047650
0.009439
-0.031548
-0.040617
-0.050597
-0.066677
-0.074242
-0.056234
-0.031626
-0.004971
0.022953
0.035815
0.033242
-0.000546
-0.028653
-0.017397
0.009123
0.037572
0.044223
0.023368
-0.013901
-0.060216
-0.076372
-0.059392
-0.038427
-0.012088
-0.007013
-0.007991
0.010100
0.038920
0.058427
0.046020
0.048813
0.074331
0.078818
0.086618
0.103904
0.104068
0.093167
0.085675
0.068489
0.044344
0.025254
0.012627
0.005825
-0.022526
-0.065857
-0.068409
-0.027455
0.015054
0.036873
0.024568
0.011839
0.017338
0.012322
-0.008148
-0.044495
-0.070403
-0.079732
-0.094488
-0.092300
-0.077207
-0.092772
-0.099966
-0.092112
-0.083428
-0.050730
0.007164
0.067074
0.103281
0.117812
0.104808
0.083011
0.082025
0.091158
0.098162
0.092240
0.059939
0.025990
0.007038
0.006035
0.014133
0.009030
-0.016246
-0.045801
-0.064436
-0.084465
-0.106458
-0.121335
-0.113003
-0.113429
-0.132567
-0.132717
-0.097097
-0.041652
-0.022531
-0.028198
-0.008395
0.027376
0.039147
0.006257
-0.031952
-0.049792
-0.036355
-0.009619
-0.007364
-0.000328
0.027395
0.029250
0.013811
0.001324
0.005353
0.014675
0.015324
0.004325
-0.006674
0.015973
0.047179
0.070157
0.073594
0.051423
0.034766
0.013459
0.006003
-0.003371
-0.012966
-0.008907
-0.004097
-0.000050
-0.005567
-0.003028
0.036097
0.071231
0.080134
0.064246
0.038251
0.033089
0.023015
0.019953
0.023023
0.011673
0.012958
0.008371
-0.016956
-0.032005
-0.028468
-0.018736
0.005391
0.047829
0.087023
0.086345
0.033872
-0.017163
-0.048992
-0.046096
-0.016000
-0.010069
-0.038809
-0.075127
-0.088094
-0.059181
0.010848
0.087554
0.106526
0.066909
0.041345
0.045579
0.049719
0.038957
0.035716
0.031273
0.006405
-0.012456
-0.021427
-0.023939
-0.023431
-0.020946
-0.023283
-0.045210
-0.064696
-0.075192
-0.076777
-0.062859
-0.055880
-0.032568
0.004100
0.014049
0.010240
0.009774
0.035862
0.055087
0.041507
0.016843
0.005094
0.030055
0.065954
0.055437
0.013049
-0.014463
-0.035458
-0.055910
-0.070928
-0.076924
-0.078217
-0.069120
-0.050060
-0.041568
-0.040366
-0.053195
-0.077982
-0.094982
-0.104917
-0.079549
-0.029055
-0.016186
-0.004883
0.027803
0.049985
0.079514
0.104820
0.114014
0.119186
0.096085
0.053849
0.020630
-0.002052
-0.016376
-0.011171
0.002709
0.009774
0.019897
0.030858
0.027822
0.010085
-0.007029
-0.027659
-0.028844
-0.015214
-0.028374
-0.022587
-0.008036
-0.022462
-0.030548
-0.026302
0.000596
0.018743
0.000404
-0.028304
-0.050549
-0.067132
-0.080828
-0.066950
-0.034000
-0.002057
0.019321
0.016112
0.010204
-0.000944
-0.004860
0.011007
0.028013
0.037135
0.043356
0.061801
0.054381
0.031566
0.049036
0.073861
0.065696
0.050853
0.031200
0.013819
0.004856
-0.023611
-0.051062
-0.065743
-0.072655
-0.053897
-0.012383
0.031740
0.040909
0.014381
-0.005973
-0.013862
-0.013725
-0.003791
0.030269
0.064275
0.074195
0.074869
0.053901
0.028138
0.031109
0.029622
0.020466
0.030928
0.049838
0.061483
0.055974
0.036123
0.013831
-0.007515
-0.018292
-0.027690
-0.040417
-0.034495
-0.018055
-0.013589
-0.019283
-0.024658
-0.024027
-0.021683
-0.026152
-0.025399
-0.018917
-0.013749
-0.011231
-0.002744
0.018814
0.030782
0.032843
0.027327
0.028752
0.032418
0.014804
0.000027
-0.011545
-0.014873
-0.027303
-0.049438
-0.057074
-0.065552
-0.057202
-0.058398
-0.074532
-0.075218
-0.081532
-0.087119
-0.080600
-0.077591
-0.061510
-0.023519
0.003018
0.012603
0.009421
-0.009442
-0.031921
-0.025711
-0.004722
0.006682
0.015583
0.026175
0.034536
0.029010
0.028266
0.046802
0.053167
0.031280
0.020724
0.039517
0.047004
0.038510
0.044246
0.051807
0.058801
0.061408
0.040195
0.010186
-0.014785
-0.022401
-0.031578
-0.053618
-0.065323
-0.059970
-0.044232
-0.027772
-0.006951
0.010736
0.011443
0.011493
0.020377
0.030852
0.037816
0.049374
0.053000
0.048529
0.050265
0.037032
-0.000469
-0.044764
-0.071203
-0.071376
-0.070897
-0.083277
-0.080577
-0.051549
-0.016275
0.012492
0.024716
0.034090
0.048445
0.048449
0.044201
0.043362
0.038375
0.038014
0.056158
0.070172
0.071454
0.059781
0.034411
0.020609
0.012963
0.012544
0.018050
0.010695
0.000612
-0.016130
-0.005794
0.023762
0.029125
0.028952
0.020796
0.003595
0.002495
0.014673
0.022977
0.029531
0.040013
0.015923
-0.028068
-0.047855
-0.059409
-0.064048
-0.041163
-0.028465
-0.031947
-0.032347
-0.021581
-0.001489
0.013071
0.001559
-0.026712
-0.051968
-0.084009
-0.102725
-0.085160
-0.064572
-0.061440
-0.074349
-0.087938
-0.074451
-0.058509
-0.063868
-0.062148
-0.044669
-0.030030
-0.015097
0.016251
0.045687
0.052833
0.043533
0.044535
0.052306
0.045943
0.040629
0.033423
0.026821
0.029129
0.040583
0.055830
0.060442
0.061756
0.067950
0.079627
0.080335
0.061676
0.050955
0.043730
0.009247
-0.016704
-0.019693
-0.021018
-0.020288
-0.025676
-0.038071
-0.034894
-0.012349
0.009796
0.016423
0.003367
-0.024698
-0.041946
-0.050069
-0.054965
-0.053444
-0.049524
-0.041465
-0.036208
-0.020086
0.004115
0.014820
0.028972
0.049473
0.066954
0.074546
0.058202
0.042938
0.040126
0.033060
0.021520
0.011876
-0.003700
-0.032164
-0.050871
-0.042219
-0.041947
-0.047414
-0.031846
-0.011015
0.016670
0.041852
0.045487
0.038920
0.025734
0.014943
0.010768
0.012470
0.013761
0.002840
-0.019493
-0.043842
-0.043619
-0.031639
-0.033385
-0.042436
-0.033862
0.005411
0.024069
0.013870
0.001597
-0.002020
0.011995
0.023123
0.018355
0.010708
-0.001056
-0.009769
-0.015779
-0.030383
-0.030801
-0.031914
-0.038702
-0.043749
-0.051699
-0.056375
-0.062953
-0.049623
-0.015930
0.013378
0.029828
0.044304
0.063370
0.059455
0.037384
0.015319
-0.019443
-0.032340
-0.022039
-0.005615
0.006114
0.022120
0.038997
0.032453
0.032355
0.032218
0.015770
0.004802
0.007399
0.002764
0.001044
-0.003590
-0.030853
-0.048443
-0.045171
-0.033955
-0.014936
0.007228
0.030090
0.040892
0.045512
0.053606
0.060706
0.074787
0.073023
0.043386
0.029562
0.044193
0.053821
0.068088
0.083254
0.054048
0.003169
-0.031350
-0.043720
-0.028060
-0.000607
0.007738
0.004020
-0.002523
-0.022157
-0.035523
-0.037767
-0.047248
-0.047110
-0.029724
-0.009001
-0.004304
-0.011248
-0.010863
-0.010971
-0.023432
-0.029891
-0.013498
0.012228
0.020720
0.002762
-0.014928
-0.021318
-0.027820
-0.040820
-0.058367
-0.067411
-0.062170
-0.043720
-0.023409
-0.007481
0.002318
-0.006058
-0.013897
-0.008945
-0.013048
-0.001667
0.012828
0.015457
0.020473
0.019887
0.032846
0.050049
0.044169
0.036057
0.022284
-0.002349
-0.017907
-0.026304
-0.029609
-0.032231
-0.032142
-0.011961
-0.000063
-0.023623
-0.056817
-0.084918
-0.083835
-0.064984
-0.048107
-0.019103
0.005542
0.016357
0.022027
0.022690
0.044161
0.062421
0.046777
0.028348
0.007559
0.003881
0.003706
-0.005346
-0.005645
-0.007042
-0.005411
0.008746
0.019963
0.026618
0.041268
0.052530
0.056535
0.051932
0.051029
0.052102
0.042011
0.018426
0.014287
0.023248
0.020331
0.015203
0.008871
-0.013767
-0.036110
-0.042914
-0.047670
-0.027150
0.001104
0.006013
0.010002
0.006344
-0.008129
0.008217
0.038186
0.038106
0.032017
0.016169
0.012965
0.034950
0.029456
0.006261
-0.000886
0.000474
0.009610
0.011913
0.003723
-0.008285
-0.012498
-0.006182
-0.003010
-0.001921
0.006642
0.020236
0.015143
-0.004561
-0.028352
-0.053348
-0.072115
-0.072829
-0.055585
-0.042294
-0.029571
-0.019694
-0.021846
-0.020396
-0.013658
-0.016620
-0.000756
0.019209
0.022593
0.030362
0.039769
0.052200
0.057584
0.028976
-0.004577
-0.019104
-0.012219
-0.009749
-0.019632
-0.037587
-0.066591
-0.081489
-0.078594
-0.062447
-0.053519
-0.068101
-0.058738
-0.029739
-0.018593
-0.002068
0.030000
0.058295
0.077121
0.063401
0.043440
0.035537
0.020391
-0.006936
-0.020728
-0.008605
0.015156
0.045477
0.059104
0.046885
0.035519
0.034381
0.020435
0.001741
0.007342
0.031660
0.036471
0.015994
0.012210
0.021584
0.007287
-0.006623
-0.002585
0.001584
-0.005097
-0.017897
-0.034350
-0.030079
-0.022119
-0.023800
-0.022534
-0.017766
-0.004765
-0.009924
-0.027552
-0.023712
-0.008310
-0.011362
-0.035888
-0.052758
-0.047711
-0.033287
-0.016732
-0.005324
0.011258
0.028002
0.035478
0.041173
0.051028
0.054649
0.036620
0.025682
0.035838
0.045425
0.034845
0.007113
-0.002839
0.008633
0.023927
0.027722
0.008053
-0.006667
-0.018001
-0.031273
-0.025002
-0.009055
0.009380
0.019142
0.002119
-0.014043
-0.001137
0.012555
0.013339
0.000141
-0.015685
-0.027648
-0.039395
-0.026899
-0.007725
-0.010495
-0.008936
0.006260
0.019047
0.036346
0.048807
0.056608
0.065919
0.060001
0.041749
0.021157
0.010462
-0.004213
-0.031126
-0.050259
-0.064527
-0.074976
-0.066610
-0.058612
-0.061560
-0.065807
-0.076335
-0.059024
-0.031873
-0.031540
-0.027166
-0.017412
0.002139
0.011431
0.007822
0.013374
0.019052
0.037991
0.062803
0.060899
0.063036
0.059185
0.030567
0.014800
0.001164
-0.020230
-0.037524
-0.045747
-0.037935
-0.038668
-0.033329
-0.004046
0.014937
0.030988
0.058946
0.070378
0.068783
0.058677
0.044461
0.050140
0.061272
0.056105
0.038528
0.043860
0.057048
0.041259
0.014936
-0.014914
-0.031440
-0.030746
-0.031288
-0.027542
-0.033194
-0.057177
-0.065650
-0.047088
-0.035332
-0.021406
-0.011639
-0.025283
-0.043927
-0.059367
-0.057959
-0.031024
-0.018978
-0.021636
-0.016321
-0.015140
-0.009391
-0.009280
-0.013040
-0.018318
-0.030964
-0.041871
-0.043032
-0.028151
0.004742
0.026880
0.022040
0.007863
0.004882
0.012121
0.031209
0.045025
0.052412
0.063081
0.058084
0.064854
0.072666
0.071348
0.062988
0.036865
0.018145
-0.001231
-0.036876
-0.067460
-0.070903
-0.063036
-0.064562
-0.072110
-0.078483
-0.061736
-0.033365
-0.024235
-0.019479
0.001637
0.012131
0.022195
0.031337
0.022612
0.002950
-0.016493
-0.026381
-0.030688
-0.033329
-0.033878
-0.021284
0.007661
0.019745
0.003845
0.004235
0.021680
0.036996
0.046508
0.058532
0.074295
0.078841
0.061359
0.026721
0.007547
-0.010305
-0.018919
-0.012910
-0.017778
-0.024166
-0.017293
-0.019302
-0.037200
-0.042736
-0.035836
-0.018943
-0.000218
0.015560
0.016981
0.004277
0.007994
0.008113
-0.007982
-0.013753
-0.016480
-0.020994
-0.016345
-0.004063
0.008023
0.015796
0.022902
0.017981
0.009898
0.015713
0.030444
0.015237
-0.007845
0.000034
0.010331
0.026769
0.033699
0.035351
0.053976
0.049288
0.033159
0.023047
0.016636
0.008248
-0.006623
-0.028064
-0.030533
-0.026390
-0.038801
-0.030979
-0.012804
0.004197
0.011422
-0.000809
0.004237
0.018245
0.032454
0.046891
0.045602
0.040959
0.034640
0.018681
0.007846
0.002340
-0.004890
-0.020060
-0.029544
-0.037513
-0.045076
-0.031848
-0.034984
-0.047812
-0.029947
-0.006116
0.002651
0.002193
0.020768
0.059906
0.052572
0.006193
-0.017199
-0.014687
0.007350
0.032709
0.014314
-0.025814
-0.043790
-0.027450
0.001325
0.020271
0.016031
-0.007068
-0.025432
-0.037699
-0.017191
0.009863
0.022186
0.032797
0.005790
-0.040519
-0.060750
-0.059188
-0.055823
-0.041051
-0.024931
-0.025085
-0.030740
-0.029846
-0.010438
0.015706
0.024701
0.016966
0.007720
0.002861
0.011867
0.025465
0.029610
0.039855
0.049438
0.038447
0.022598
0.011312
-0.003637
0.003427
0.011603
-0.006167
-0.018309
-0.013453
-0.018673
-0.024862
-0.021863
-0.027776
-0.030847
-0.018345
-0.010075
-0.007046
0.007791
0.013239
0.006623
0.016945
0.033619
0.029501
0.012462
0.008729
0.000301
-0.010534
-0.013475
-0.001200
0.011848
0.015140
0.016650
0.002006
-0.007366
-0.013531
-0.011615
0.014131
0.027713
0.016598
0.001496
0.003221
0.019966
0.034841
0.034503
0.016218
0.014024
0.025685
0.031218
0.038020
0.030723
0.017273
-0.000533
-0.026275
-0.029062
-0.023822
-0.043017
-0.063456
-0.069802
-0.063583
-0.050035
-0.036785
-0.024971
-0.012352
0.009300
0.033052
0.045804
0.036494
0.017040
0.001842
0.007635
0.025551
0.034486
0.032597
0.021639
0.019344
0.016611
0.016932
0.016895
0.000089
-0.025173
-0.036510
-0.029268
-0.020838
-0.022296
-0.021803
-0.015417
-0.017712
-0.010598
-0.001648
-0.010858
-0.016392
-0.010309
-0.007170
-0.006789
-0.009742
-0.014078
-0.020081
-0.020743
-0.017860
-0.010306
-0.005082
-0.023133
-0.036756
-0.039775
-0.034343
-0.015965
-0.002752
0.007457
0.004609
-0.006147
-0.002895
0.004094
0.022978
0.041633
0.038054
0.040015
0.036711
0.027816
0.036231
0.047893
0.059783
0.060497
0.048414
0.045878
0.046753
0.041967
0.029790
0.019851
0.013846
0.003489
0.002440
-0.002588
-0.016607
-0.030212
-0.039664
-0.034968
-0.037790
-0.051668
-0.056881
-0.062942
-0.061330
-0.042946
-0.029037
-0.018850
-0.008007
0.000162
0.002297
-0.008803
-0.010857
0.001394
0.003703
-0.003036
-0.002461
0.007782
0.007796
0.007186
0.002718
-0.016597
-0.024967
-0.029906
-0.028440
-0.018093
-0.015397
-0.018214
-0.010700
0.000938
0.009288
0.018232
0.021050
0.031107
0.037135
0.028028
0.025293
0.029950
0.035326
0.045677
0.051385
0.045777
0.036892
0.024957
0.022729
0.022193
0.018537
0.021246
0.019594
0.006939
0.003018
0.014012
0.019102
0.012183
-0.000390
-0.004762
-0.011740
-0.019418
-0.018106
-0.018125
-0.022232
-0.030754
-0.028498
-0.015629
-0.000582
0.014960
0.005707
-0.012495
-0.022697
-0.032059
-0.033354
-0.014734
0.003018
-0.000031
-0.010419
-0.020770
-0.029399
-0.029062
-0.020260
-0.015229
-0.015026
-0.013988
-0.014653
-0.011429
-0.004005
-0.000706
0.009440
0.013350
0.011596
0.009992
0.008561
0.015567
0.015201
0.010325
0.008991
-0.000647
-0.006570
-0.005645
0.006681
0.022522
0.024578
0.016257
0.007631
0.006675
0.010960
0.023506
0.031170
0.018652
0.011264
0.000634
-0.012826
-0.011603
-0.017097
-0.026082
-0.032832
-0.036540
-0.033008
-0.027380
-0.024694
-0.023275
-0.019750
-0.019324
-0.018077
-0.014126
-0.022679
-0.020826
-0.006804
0.001096
0.012639
0.015558
0.014541
0.010223
0.003028
0.006879
0.020158
0.020642
0.008876
0.004341
0.007077
0.017612
0.022418
0.021093
0.021388
0.015495
0.002433
-0.001287
-0.001479
-0.010127
-0.017387
-0.026218
-0.020316
-0.017820
-0.025331
-0.014018
-0.008889
-0.010808
-0.010274
-0.002919
0.003218
0.010480
0.030883
0.041217
0.035424
0.022025
0.009147
0.008080
0.000087
0.004863
0.004583
-0.009852
-0.003772
0.004974
0.018804
0.042210
0.054402
0.059533
0.050230
0.037436
0.034861
0.026122
0.015672
0.022545
0.030871
0.018749
-0.000174
-0.019024
-0.032926
-0.038041
-0.031613
-0.031448
-0.036559
-0.039714
-0.044222
-0.044154
-0.030837
-0.009207
0.009845
0.009108
0.003570
0.007921
0.018578
0.023810
0.012256
-0.002765
-0.009423
-0.016356
-0.017716
-0.002738
0.000041
-0.009215
-0.005023
0.010686
0.014960
0.004105
-0.010649
-0.030296
-0.028584
-0.024940
-0.029180
-0.014549
-0.004723
-0.005298
0.003056
-0.004079
-0.001574
0.017271
0.020619
0.027088
0.019815
0.007668
0.000269
-0.006042
-0.013683
-0.027439
-0.029344
-0.024489
-0.026376
-0.020501
-0.021511
-0.032821
-0.031539
-0.032013
-0.029874
-0.022972
-0.016637
-0.011753
-0.007503
0.009689
0.027286
0.035023
0.028592
0.024035
0.023967
0.030166
0.034345
0.033372
0.035717
0.029669
0.014033
0.003148
0.006405
0.011052
0.011147
0.020994
0.023673
0.023297
0.034925
0.034845
0.034474
0.028838
0.016124
0.008899
0.002726
0.003771
0.001798
-0.007359
-0.016580
-0.026422
-0.033456
-0.039409
-0.046340
-0.048904
-0.047810
-0.053041
-0.055233
-0.046989
-0.043092
-0.028957
-0.013349
-0.005283
0.007804
0.017284
0.022523
0.029288
0.022518
0.012852
0.010017
0.000945
0.000193
0.010820
0.015760
0.019163
0.028762
0.038345
0.040985
0.042040
0.045266
0.038031
0.023341
0.017857
0.017736
0.014424
0.011370
0.007284
-0.002009
-0.011015
-0.023842
-0.036926
-0.048194
-0.050572
-0.031778
-0.021369
-0.023953
-0.019331
-0.014107
0.000714
0.002038
-0.009821
-0.006471
0.004861
0.014386
0.019534
0.014359
0.001105
-0.004375
0.001610
0.002968
0.011567
0.016820
0.007032
0.002655
-0.000960
-0.005103
-0.011090
-0.022912
-0.032587
-0.033685
-0.023715
-0.010986
-0.002374
0.001362
0.004390
0.000666
-0.003424
-0.004883
-0.004363
-0.001665
-0.001200
0.000509
-0.001606
0.000617
-0.006898
-0.011329
-0.003516
-0.000541
0.000489
0.001965
0.010644
0.028201
0.023733
0.019457
0.019647
0.014564
0.027139
0.033412
0.023486
0.017430
0.007777
-0.005373
-0.016550
-0.011899
-0.001896
-0.005343
-0.004522
-0.004888
-0.014055
-0.017775
-0.019557
-0.023720
-0.014740
-0.004171
-0.009159
-0.012290
-0.008997
-0.002736
0.014967
0.028148
0.020571
0.017595
0.019151
0.014879
0.011312
0.001150
-0.012696
-0.017161
-0.022999
-0.036597
-0.037974
-0.027202
-0.018481
-0.011856
-0.007571
0.000165
0.009272
0.028792
0.047312
0.043543
0.038082
0.039233
0.032118
0.023086
0.021559
0.015644
0.003263
0.000028
0.002042
0.004336
0.009982
0.019590
0.019576
0.013495
0.021424
0.024313
0.016822
0.011084
0.013452
0.004759
-0.010019
-0.015934
-0.021529
-0.024338
-0.015785
-0.002382
-0.002323
-0.001279
0.002993
0.005940
-0.005005
-0.014788
-0.013673
-0.017149
-0.011680
-0.012549
-0.019735
-0.014743
-0.016537
-0.017597
-0.004323
-0.002584
-0.013516
-0.023591
-0.033073
-0.032482
-0.024008
-0.022076
-0.033008
-0.033212
-0.021230
-0.010821
0.000199
0.007996
0.012536
0.014822
0.013039
0.009801
0.008049
-0.002514
-0.010543
-0.017628
-0.026417
-0.031724
-0.034604
-0.037498
-0.035601
-0.025128
-0.007577
-0.001803
-0.004150
-0.001341
-0.000663
-0.006933
-0.011243
-0.013522
-0.015349
-0.012277
-0.003491
-0.006302
-0.016214
-0.002052
0.009269
0.005361
0.011524
0.023223
0.023558
0.026808
0.039626
0.051311
0.057566
0.050206
0.042905
0.033875
0.026694
0.019620
0.005993
-0.002126
-0.008227
-0.009632
-0.003397
-0.001609
-0.005321
0.001384
-0.003907
-0.004926
0.015949
0.022176
0.017643
0.016125
0.009234
0.001345
0.002283
-0.000645
-0.006112
0.004110
0.014017
0.012382
0.008164
0.018393
0.020046
0.013406
0.024383
0.024122
0.016023
0.023094
0.018789
0.014946
0.016365
0.001785
0.002001
-0.000141
-0.003546
0.007098
0.014486
0.012608
0.016960
0.021948
0.013559
0.014557
0.018368
0.016696
0.014890
0.012865
0.010237
0.000331
-0.008562
-0.014018
-0.017114
-0.013228
-0.028125
-0.048810
-0.058313
-0.061983
-0.061298
-0.053412
-0.046015
-0.042474
-0.036744
-0.029396
-0.024163
-0.024697
-0.009465
0.004147
0.006888
0.008965
0.004780
0.005650
0.009735
0.008256
0.005244
0.001604
-0.000716
-0.001734
0.007324
0.019498
0.009523
-0.010305
-0.010754
-0.008588
-0.019126
-0.015959
-0.003336
-0.006852
-0.017733
-0.015616
0.002442
0.012844
0.008353
-0.000354
0.003400
0.010302
0.009110
0.015838
0.009744
-0.006084
-0.006650
-0.003177
-0.012193
-0.025786
-0.028792
-0.023190
-0.021982
-0.021198
-0.011873
-0.014266
-0.018078
-0.013069
-0.003699
0.001245
0.005632
0.013221
0.013902
0.012070
0.016198
0.022692
0.020899
0.015226
0.015562
0.009379
-0.005989
-0.008326
-0.012968
-0.012227
-0.001139
0.007670
0.010941
0.005230
0.006135
0.005375
0.003342
0.012303
0.018650
0.013434
0.004344
0.004621
0.003778
-0.006018
-0.007620
0.000531
0.003601
-0.004760
-0.011482
-0.001521
0.006562
0.004209
0.007056
0.027437
0.044502
0.043195
0.035893
0.025278
0.017707
0.010932
0.010682
0.012149
0.004492
-0.000634
-0.007457
-0.012320
-0.015290
-0.009888
-0.009594
-0.011190
-0.011064
-0.018418
-0.015117
-0.007346
-0.005554
0.002691
0.009288
0.010006
0.015931
0.008806
0.000786
0.003455
-0.006367
-0.021574
-0.022145
-0.024015
-0.016974
-0.003548
0.000183
-0.000145
-0.001931
0.002841
0.002644
0.003244
0.010596
0.009174
0.006664
0.000548
-0.013076
-0.017721
-0.007724
-0.003953
0.001453
0.007755
0.006887
0.007004
0.008305
0.014389
0.020217
0.025080
0.026648
0.025132
0.016789
0.013893
0.013725
0.017794
0.022738
0.014317
0.009718
0.007328
0.002865
-0.001189
-0.007913
-0.003700
-0.011226
-0.023415
-0.013780
0.001661
0.009773
0.002707
-0.003618
0.006974
0.009522
0.001825
-0.004706
-0.004736
-0.004394
-0.013761
-0.019888
-0.020449
-0.017769
-0.014586
-0.014751
-0.010895
0.000051
-0.001561
-0.004180
0.004511
0.010627
0.001355
-0.003686
-0.000750
-0.005635
-0.020743
-0.027284
-0.020381
-0.015118
-0.021265
-0.018638
-0.010498
-0.012720
-0.015806
-0.006719
-0.004868
-0.013857
-0.005545
-0.009347
-0.017235
0.000934
0.003007
0.001314
0.001685
-0.003926
-0.004492
-0.006491
-0.007749
-0.007375
-0.005356
0.005447
0.002981
-0.002511
0.010274
0.011632
0.015553
0.018612
0.012265
0.011713
0.004969
0.002631
0.013593
0.016654
0.018547
0.010512
0.010244
0.019674
0.020524
0.021438
0.020726
0.022009
0.023364
0.017303
0.011472
0.015692
0.014545
0.006143
0.005285
0.002011
-0.009461
-0.009571
-0.002985
-0.007682
-0.006948
-0.001945
-0.005613
-0.014670
-0.014493
-0.000870
0.017114
0.037252
0.025946
0.001645
-0.011824
-0.018447
-0.002789
0.005728
-0.001223
-0.013910
-0.037000
-0.051862
-0.044882
-0.029627
-0.016338
-0.013761
-0.009450
0.006726
0.023343
0.037533
0.041563
0.030222
0.014630
0.003393
-0.008201
-0.013792
-0.012109
-0.020963
-0.034289
-0.033944
-0.021553
-0.010098
0.011472
0.025486
0.024851
0.023429
0.019939
0.015338
0.022564
0.014935
-0.006588
-0.016951
-0.014063
-0.017707
-0.021899
-0.014274
-0.019071
-0.017201
-0.008955
-0.011509
-0.020344
-0.022429
-0.024800
-0.025192
-0.024063
-0.029866
-0.033333
-0.028945
-0.016994
-0.010668
-0.007099
-0.010613
-0.020261
-0.015315
-0.001545
0.010088
0.017154
0.017170
0.010450
0.007135
0.011039
0.015072
0.019279
0.028502
0.024121
0.019387
0.019755
0.014858
0.014653
0.013519
0.006476
0.006607
0.004562
-0.002983
-0.002425
-0.003234
-0.004279
-0.010600
-0.023223
-0.015849
-0.010029
-0.007799
0.007070
0.011219
0.015410
0.024786
0.026600
0.033994
0.039626
0.043237
0.039796
0.027287
0.025064
0.025611
0.017320
0.002183
-0.003141
-0.001352
-0.002637
-0.006090
-0.019487
-0.019350
-0.015008
-0.024438
-0.026158
-0.031800
-0.046178
-0.037865
-0.021632
-0.021612
-0.019102
-0.020004
-0.020406
-0.011099
-0.006124
0.000390
0.007723
0.006003
0.008114
0.016049
0.022811
0.031073
0.029820
0.023565
0.026218
0.018038
0.008116
0.005867
-0.004162
-0.003116
0.001697
0.001345
0.008138
0.014144
0.015429
0.018277
0.033017
0.038807
0.039662
0.039544
0.034786
0.026444
0.018779
0.014063
0.001117
-0.003029
-0.002239
-0.004111
-0.004250
-0.003714
-0.005172
-0.000543
0.000163
-0.006506
-0.006612
-0.008735
-0.015964
-0.020893
-0.029460
-0.031174
-0.032510
-0.037903
-0.037940
-0.033548
-0.035911
-0.028926
-0.013762
-0.015358
-0.019097
-0.010604
-0.004699
0.002251
0.007899
0.011707
0.014466
0.015313
0.012915
0.014722
0.013753
0.000080
-0.002659
-0.005138
-0.013824
-0.011819
-0.008868
0.000712
0.001742
0.000090
0.004695
0.008360
0.012629
0.005232
-0.005182
0.003527
-0.002432
-0.016416
-0.016357
-0.017187
-0.015585
-0.016509
-0.021257
-0.017974
-0.014397
-0.018592
-0.017479
-0.019501
-0.024680
-0.017638
-0.010852
-0.009281
-0.008301
-0.005699
0.004338
0.015511
0.011422
0.007067
0.016715
0.019325
0.015043
0.015075
0.012603
0.006418
0.007036
0.011483
0.017533
0.020179
0.017288
0.014898
0.009708
0.002383
0.002241
-0.003745
-0.013199
-0.008863
-0.010584
-0.007849
0.001868
0.006178
0.006927
0.010181
0.015264
0.021708
0.019117
0.018334
0.018554
0.009172
0.005400
0.008778
0.007997
0.001821
-0.004796
-0.005181
-0.001440
-0.007040
-0.006352
-0.010212
-0.008761
0.000105
0.001409
0.006498
0.018094
0.019459
0.018270
0.020930
0.029174
0.036196
0.023922
0.013392
0.008535
0.001683
0.003426
-0.000282
-0.002219
-0.002802
-0.011299
-0.016200
-0.008053
-0.005804
-0.010122
-0.006797
-0.002259
-0.008360
-0.012696
-0.009686
-0.010577
-0.008591
-0.005058
-0.003402
0.000660
-0.003195
-0.001707
0.007743
0.004316
0.005275
0.013223
0.007001
0.005778
0.004719
-0.000787
0.006419
0.003756
-0.004450
-0.002834
-0.001122
0.001210
0.003502
0.000357
-0.004957
-0.008375
-0.017848
-0.014627
-0.007298
-0.007526
-0.004769
-0.007106
-0.013167
-0.014460
-0.017166
-0.016543
-0.010424
-0.014298
-0.016152
-0.006237
-0.004319
-0.006534
-0.005640
-0.001632
-0.002266
-0.010213
-0.007034
-0.005994
-0.012921
-0.014700
-0.020944
-0.018841
-0.008299
-0.019739
-0.021026
-0.007419
-0.003398
0.007923
0.013268
0.008145
0.003154
0.000647
-0.004614
-0.010137
-0.012748
-0.011888
-0.015144
-0.014360
-0.012961
-0.011121
-0.007654
-0.009395
-0.007183
-0.000148
0.000041
0.005318
0.013937
0.018071
0.015388
0.003099
-0.003413
0.000893
0.013370
0.016160
0.011788
0.008914
0.004375
0.005227
0.003906
0.005236
0.004797
0.002753
0.013279
0.015761
0.013278
0.022396
0.030401
0.031015
0.032018
0.030225
0.026867
0.021063
0.018246
0.019052
0.014422
0.011707
0.004082
-0.000491
0.005352
0.002321
0.008139
0.025005
0.019522
0.003860
-0.001594
-0.006419
-0.011938
-0.004915
-0.001844
-0.010437
-0.012704
-0.013032
-0.020695
-0.023486
-0.027366
-0.032586
-0.020803
-0.019320
-0.016778
-0.009068
0.001940
0.010572
0.009243
0.006640
0.000490
0.005932
0.006748
0.004976
0.005074
0.004585
0.001215
0.000471
0.000648
-0.004477
-0.004738
-0.009621
-0.009186
-0.009633
-0.008439
0.007075
0.005866
0.001348
0.010064
0.002358
-0.003160
0.005317
0.004950
0.000313
0.001638
0.002545
0.002898
0.002705
-0.003937
-0.003752
-0.005847
-0.011191
-0.009951
-0.016990
-0.019061
-0.012201
-0.008823
-0.005957
-0.004517
-0.001861
0.004411
0.012009
0.012059
0.007037
0.008575
0.015328
0.020305
0.021249
0.008817
-0.002837
0.000977
0.005268
0.001030
0.004277
0.000500
0.002328
0.006111
-0.006818
-0.000429
0.009515
0.000577
-0.005891
-0.013346
-0.016678
-0.009998
-0.007407
-0.010194
-0.002853
0.001250
0.006798
0.009802
-0.000886
0.001912
0.010762
0.017688
0.025289
0.023752
0.013098
0.004875
0.008945
0.011699
0.007589
0.004775
-0.002241
0.005613
0.012183
0.000621
-0.000058
-0.000309
-0.003738
-0.007444
-0.017657
-0.017985
-0.012881
-0.018083
-0.023093
-0.019439
-0.026309
-0.036918
-0.036055
-0.030518
-0.025471
-0.024094
-0.015430
-0.005522
-0.006658
-0.005064
0.000427
-0.005943
-0.012972
-0.013520
-0.018519
-0.018086
-0.013380
-0.015150
-0.015508
-0.006873
-0.004752
-0.006416
-0.006090
-0.000135
0.010723
0.011555
0.009365
0.017361
0.018530
0.009225
0.013523
0.018628
0.017104
0.019136
0.025141
0.027890
0.024394
0.029833
0.030136
0.024611
0.025081
0.021508
0.017577
0.016233
0.009418
0.010734
0.020999
0.017592
0.014891
0.006935
-0.007190
-0.007473
-0.010752
-0.007704
0.000357
-0.009850
-0.009582
-0.007301
-0.007587
-0.009272
-0.004434
0.005391
0.011649
0.014030
0.013276
0.017330
0.015661
0.015883
0.012216
0.010159
0.014396
0.010163
0.005717
0.003372
0.002803
0.003347
-0.001595
-0.008849
-0.015667
-0.016338
-0.016576
-0.012617
-0.012401
-0.013541
-0.007267
-0.000532
0.007025
0.011793
0.015202
0.011333
0.003086
-0.004637
-0.009124
-0.013917
-0.019296
-0.016730
-0.013650
-0.015047
-0.010442
-0.005294
-0.006743
-0.009217
0.003137
0.008183
0.002974
0.009469
0.008960
0.004313
0.003768
0.004801
0.003459
0.006272
0.003553
-0.012024
-0.012682
-0.005676
0.000598
0.005264
0.006499
0.003850
-0.005316
-0.008900
-0.014604
-0.021147
-0.024092
-0.030280
-0.040922
-0.044292
-0.037374
-0.037642
-0.033398
-0.019130
-0.011129
-0.007174
-0.001004
0.007960
0.012376
0.006873
0.003816
0.010487
0.007863
0.008364
0.008266
0.004073
0.013526
0.017179
0.011829
0.009496
0.011932
0.013528
0.009085
0.005079
0.007935
0.002853
-0.002459
0.002381
-0.003210
-0.004269
-0.000537
-0.004185
-0.002318
-0.000926
0.001346
-0.002398
-0.000424
0.002921
-0.008370
-0.004786
-0.001744
0.001454
0.007717
0.006429
0.006863
0.011297
0.011714
0.006914
0.004226
0.005789
0.007274
0.012903
0.007839
-0.000190
-0.002006
0.007808
0.012736
0.008706
0.011802
0.010748
0.004898
0.008688
0.014652
0.009988
-0.000288
-0.002810
-0.004768
0.000574
-0.003493
-0.009777
-0.011182
-0.014287
-0.006080
-0.008848
-0.016879
-0.018098
-0.026021
-0.024595
-0.014379
-0.018967
-0.019942
-0.015458
-0.012606
-0.005030
0.001137
0.002293
0.002070
0.009163
0.019298
0.017367
0.010623
0.010863
0.010576
0.000690
-0.000132
0.003031
0.006573
0.004036
0.002586
0.005504
0.005079
0.012013
0.010221
0.006504
0.013044
0.011293
0.007014
0.009255
0.004419
0.001143
0.007221
0.007234
0.002825
-0.002913
-0.007384
0.001826
0.006060
0.000406
-0.000077
0.000124
0.000145
0.003098
0.004568
0.003186
0.007082
0.012181
0.007550
0.006699
0.013475
0.000649
-0.001842
0.009538
0.007627
0.012912
0.010549
0.003166
-0.001115
-0.002229
-0.000905
-0.000096
-0.004627
-0.008584
-0.002471
-0.007649
-0.003132
0.013237
0.009292
0.004014
0.007955
0.001321
-0.005498
-0.017117
-0.018056
-0.011236
-0.014941
-0.011302
-0.008607
-0.011439
-0.008586
-0.005227
-0.006469
-0.011110
-0.016321
-0.010179
-0.006245
-0.010013
-0.001742
-0.005125
-0.009045
-0.001930
-0.007319
-0.008228
-0.002450
-0.005787
-0.002449
-0.000037
-0.001263
-0.001115
0.000733
0.001425
0.002667
-0.001007
-0.014453
-0.018237
-0.009967
-0.002299
-0.000819
-0.000555
-0.010072
-0.015599
-0.007890
-0.003726
-0.001581
0.000087
0.001007
-0.006560
-0.007131
0.005880
0.005002
-0.001350
0.005147
0.011985
0.013171
0.009798
0.010860
0.012404
0.007105
0.008781
0.001673
-0.001941
0.003317
0.004461
0.013814
0.018890
0.014676
0.014860
0.026831
0.025304
0.008581
0.017508
0.033711
0.028580
0.026207
0.026857
0.022872
0.014018
-0.000705
-0.004949
-0.004262
-0.006543
-0.007657
-0.008502
-0.016299
-0.014708
-0.012672
-0.009408
-0.005972
-0.007751
-0.004751
-0.008927
-0.010894
-0.002668
-0.007134
-0.012904
-0.011042
-0.017171
-0.017822
-0.010206
-0.009927
-0.011802
-0.009018
-0.006014
-0.000117
0.008503
0.010878
0.010220
0.009710
0.013142
0.011348
0.006456
-0.001750
-0.001699
0.001737
-0.002251
-0.005706
-0.003594
-0.004179
-0.006972
-0.005387
-0.007888
-0.007739
-0.003582
-0.003452
-0.008253
-0.007825
0.000536
-0.000735
-0.005713
-0.008266
-0.016755
-0.018979
-0.021419
-0.024862
-0.018866
-0.012820
-0.012131
-0.006528
-0.004168
-0.005118
-0.008341
-0.002681
0.002472
0.004472
0.010684
0.013055
0.012188
0.014304
0.015073
0.016252
0.013591
0.011864
0.007185
0.003730
0.005609
0.010653
0.004399
0.000300
0.008888
0.007627
0.005847
0.008174
0.001030
0.003732
0.008521
0.004635
0.005431
-0.000983
0.000658
-0.004999
-0.018203
-0.011911
-0.001976
-0.007944
-0.013277
-0.004687
-0.006477
-0.014355
-0.006948
-0.002137
0.001556
0.010788
0.007361
0.000915
0.003008
0.006162
0.002667
-0.002607
0.000423
0.005144
0.015884
0.020849
0.016036
0.015345
0.019219
0.016278
0.013268
0.016284
0.010383
0.007550
0.003210
-0.004773
-0.008128
-0.015724
-0.017418
-0.018686
-0.018992
-0.018926
-0.022886
-0.019117
-0.014190
-0.012087
-0.009125
-0.009196
-0.009645
-0.006206
-0.003721
-0.004331
-0.011780
-0.011782
-0.002440
-0.007253
-0.009121
-0.000596
-0.000228
-0.007109
-0.004953
0.002620
0.008870
0.006364
-0.000687
-0.004635
0.002400
0.005187
0.000996
0.009699
0.022827
0.022611
0.016727
0.020531
0.018750
0.020038
0.019195
0.010683
0.013797
0.008519
0.003514
0.006125
0.001493
0.004052
0.005666
0.007678
0.010576
0.002406
0.001306
0.009342
0.001805
-0.006860
-0.005271
-0.008319
-0.002101
0.009530
0.007949
0.000206
0.000974
0.000987
-0.006567
-0.004501
-0.007903
-0.014810
-0.015998
-0.021295
-0.019538
-0.016704
-0.020067
-0.019477
-0.011180
-0.004293
-0.005842
-0.000081
0.004599
0.005772
0.011986
0.015600
0.017166
0.014229
0.017049
0.019527
0.017662
0.018879
0.011120
0.000599
0.005814
0.010095
0.005692
0.005134
0.005971
-0.001051
-0.008475
-0.004075
-0.000753
-0.003417
-0.006630
-0.015366
-0.014684
-0.005556
-0.010793
-0.009321
-0.003629
-0.006634
0.006580
0.009141
-0.001227
0.002466
0.010417
0.003037
0.001584
0.003524
0.002807
0.011572
0.005506
-0.001767
-0.004803
-0.014133
-0.012037
-0.006594
-0.013461
-0.014863
-0.013202
-0.015679
-0.014383
-0.012292
-0.007863
-0.010247
-0.012317
-0.015593
-0.019864
-0.014031
-0.012647
-0.014613
-0.008605
-0.004496
-0.003246
0.004222
0.006780
0.000251
-0.002518
0.002776
0.010977
0.008047
0.005438
0.011353
0.006507
0.004767
0.003374
0.006802
0.017379
0.010655
0.006716
0.015172
0.012743
0.013971
0.011815
0.006199
0.003829
0.005969
0.014592
0.008142
0.001559
0.007932
0.000528
-0.004122
0.002796
-0.000767
0.000954
0.002048
-0.000320
0.002736
0.001172
0.006095
0.006103
0.005413
0.007007
0.001698
0.003696
0.006960
-0.000114
0.007713
0.008100
-0.011719
-0.009380
-0.004740
-0.005756
-0.005819
-0.005522
-0.013917
-0.017487
-0.008550
-0.006181
-0.005663
-0.005252
-0.005015
-0.000367
0.001058
0.005041
0.010371
0.004993
0.003233
0.007791
0.003228
-0.005781
-0.006091
-0.007357
-0.011988
-0.012946
-0.004297
-0.006425
-0.005700
-0.000657
0.003109
0.005704
0.005725
0.011930
0.004955
-0.001125
0.003963
0.005551
-0.000990
-0.004808
-0.003854
-0.003732
-0.003654
0.001912
0.004711
-0.002089
0.000178
-0.004794
-0.011910
-0.001121
0.010759
0.006450
0.000078
-0.004569
-0.011693
-0.012764
-0.009890
-0.005065
-0.005204
-0.006270
-0.007102
-0.007382
-0.003971
-0.001719
-0.001889
-0.004414
-0.001883
0.000446
0.005377
0.002317
-0.007785
-0.003664
0.000276
-0.001293
0.005293
0.004514
0.001116
-0.000866
0.000138
0.005542
0.012364
0.010658
0.004920
0.015280
0.015901
0.006958
0.004927
0.000208
-0.003375
-0.004297
-0.002824
0.001626
0.001842
-0.003448
-0.000738
0.008773
0.011111
0.011242
0.011475
0.011153
0.009830
0.005506
0.002034
0.000776
-0.002914
-0.006107
-0.002616
0.001064
-0.001248
-0.001482
-0.006575
-0.013632
-0.004418
-0.001406
-0.003291
-0.000038
-0.007098
-0.004299
-0.000609
-0.006615
-0.000500
0.001480
0.007262
0.002267
-0.006601
0.002082
0.000570
-0.000996
-0.001345
-0.000758
0.001812
-0.004417
-0.006772
-0.002379
-0.002898
-0.004232
-0.005777
-0.006111
-0.001075
-0.002605
-0.002461
0.004999
0.001118
-0.007057
0.001153
0.000584
-0.001521
0.007134
0.007852
0.009189
0.009781
0.003010
-0.001369
-0.004227
-0.004526
-0.005140
-0.005626
-0.005615
-0.009140
-0.006777
-0.001896
0.004933
0.011408
0.001762
-0.005347
-0.001615
-0.002472
0.002699
-0.001829
-0.012765
-0.002763
-0.000249
-0.005721
0.009525
0.020621
0.015588
0.001080
0.001012
0.013748
0.010564
0.001007
0.001133
0.006676
0.004321
-0.002908
-0.003127
0.008016
0.008939
0.003036
-0.007285
-0.015502
-0.012085
0.001497
0.001320
-0.011089
-0.007759
-0.001564
0.001518
-0.005806
-0.001429
0.007225
0.006093
0.006689
-0.005535
0.000305
0.007439
-0.004870
-0.008263
-0.005711
-0.012015
-0.007868
0.000824
-0.003920
-0.004977
-0.001433
0.000448
0.009245
0.015268
0.008270
-0.006139
-0.017426
-0.008526
0.009662
0.020696
0.021976
0.007189
-0.003010
0.008369
0.023742
0.021769
0.001468
-0.021525
-0.034364
-0.023654
-0.006034
-0.005760
-0.009199
-0.009889
-0.011716
-0.011971
-0.011404
0.006830
0.022923
-0.002360
-0.020662
-0.005752
0.006057
0.009304
-0.001041
-0.002860
0.004879
-0.006549
-0.014372
-0.001382
0.015776
0.019242
0.011316
-0.002581
-0.006072
0.004577
0.014237
0.010224
-0.004482
-0.016661
-0.009267
0.009474
0.013942
0.003362
-0.000665
0.008639
0.019004
0.018558
0.004025
0.002038
0.011994
0.011184
0.006724
0.006083
0.004684
-0.000567
-0.001862
-0.002995
-0.008251
-0.003381
-0.001523
-0.003723
-0.001581
0.003542
0.009819
0.006023
0.002282
0.004624
0.003820
-0.005909
-0.006045
0.006201
-0.003558
-0.008433
-0.002732
-0.004125
-0.002400
-0.001204
-0.014402
-0.019500
-0.004882
-0.007008
-0.007915
-0.004104
-0.002342
0.005043
0.004657
0.005494
0.004660
0.004639
0.010522
-0.000545
-0.009133
-0.004776
-0.006216
-0.008695
-0.011664
-0.006944
-0.000757
0.004196
0.009671
0.005182
0.000765
-0.002885
-0.007329
-0.004941
-0.000383
0.001194
-0.001211
-0.006913
-0.003717
-0.004057
-0.006089
-0.001728
-0.002383
-0.009903
0.004324
0.007218
0.000729
0.003454
-0.001537
-0.003655
0.001968
0.005168
0.006121
-0.001052
0.002199
0.006592
0.002914
-0.002424
-0.003039
0.002319
-0.001234
-0.004296
-0.001524
-0.008553
-0.010667
-0.007758
-0.007735
-0.004275
0.000900
0.002978
0.000958
-0.002631
-0.002428
0.009080
0.013972
0.002456
-0.001109
0.001363
0.003109
0.004125
0.001968
0.007510
0.010562
0.009545
0.006077
0.008156
0.008726
0.002118
0.000296
0.006871
0.002554
-0.003179
0.002548
-0.003228
-0.003511
0.002293
-0.003272
-0.005503
-0.004309
-0.005298
0.001892
0.005478
-0.007855
-0.004795
0.004556
-0.004001
-0.006940
-0.006122
-0.003770
0.002108
0.000188
-0.002985
-0.008772
-0.002367
0.000522
-0.009898
0.000126
0.006631
-0.000792
-0.003276
-0.008814
-0.007351
-0.003600
-0.006445
-0.008262
-0.009515
-0.014530
-0.011455
-0.004074
-0.004731
-0.000721
0.007348
0.005240
0.001705
0.007972
0.010037
0.003060
0.009905
0.022399
0.022619
0.017011
0.010469
0.007458
0.005435
0.005848
0.002462
-0.000293
-0.007603
-0.004040
0.003140
-0.000130
-0.000473
-0.002554
-0.003435
0.002313
0.009169
0.011855
0.010311
0.008056
0.008620
0.006875
0.006469
0.003570
0.003181
0.005184
0.010187
0.004855
0.003208
0.003811
-0.000733
-0.004623
-0.000195
0.006514
0.001407
-0.006747
-0.008106
-0.002263
-0.004392
-0.014766
-0.011319
-0.005205
-0.008709
-0.002547
-0.002192
-0.004088
-0.003502
-0.006368
-0.006047
-0.008657
-0.006705
-0.002790
-0.003709
0.003079
0.004001
0.000299
-0.002248
-0.003917
-0.001085
0.005097
0.002497
-0.007515
-0.005266
-0.001185
0.003755
0.008354
0.005173
0.001632
0.002143
0.005988
0.009689
0.009898
0.002355
0.000996
0.003054
0.001566
-0.007045
-0.016187
-0.007491
-0.000239
0.002034
0.001445
-0.005227
-0.007221
-0.001431
-0.004312
-0.003722
-0.002359
-0.010950
-0.018218
-0.016787
-0.004790
-0.006473
-0.005030
0.000104
-0.007479
-0.004491
-0.002830
-0.005369
-0.004658
-0.005434
0.000431
0.004064
0.002698
0.004177
-0.003867
-0.008847
0.003261
0.005252
-0.005364
0.001703
0.008011
0.002236
0.002278
0.005006
0.002652
0.003792
-0.002719
-0.002262
0.011371
0.005759
0.002979
0.008503
0.000093
-0.007915
0.001667
0.004794
-0.003979
0.000552
0.008902
0.006546
0.003097
0.000124
-0.003398
0.007063
0.012632
0.003109
-0.008056
-0.010619
-0.003875
0.001021
-0.000690
-0.005926
-0.005003
-0.000291
0.006801
0.010815
-0.000169
-0.010969
-0.004464
0.005399
0.011057
0.017121
0.018147
0.008149
0.010407
0.004987
-0.006677
0.000320
0.002930
0.003166
0.005742
0.005193
0.003999
-0.004557
-0.006822
-0.003994
-0.003973
-0.000388
-0.002190
-0.005841
-0.000538
0.006173
0.006461
0.003419
-0.000241
0.002780
0.002000
0.005128
0.012152
0.005753
-0.003300
-0.008218
-0.009046
-0.005260
-0.000003
-0.003793
-0.009573
-0.011104
-0.006280
0.006205
0.001341
-0.007104
-0.006724
-0.013813
-0.014734
-0.004815
-0.003095
-0.009526
-0.008658
-0.006456
-0.008706
-0.008858
-0.011783
-0.012478
-0.008485
-0.001615
-0.004162
-0.009311
0.000693
0.003309
-0.000948
0.000572
0.000949
0.008053
0.015979
0.009844
0.012938
0.017271
0.017594
0.020046
0.020611
0.009468
0.003522
0.005643
0.004866
-0.000648
0.002945
0.004810
-0.005125
-0.005052
-0.004023
-0.005490
-0.005465
-0.001521
0.000859
-0.009536
-0.008762
-0.002771
-0.004668
-0.001562
0.000800
0.008235
0.011118
0.000834
0.000771
0.007842
0.012015
0.012489
0.011206
0.011948
0.012333
0.006398
0.005098
0.006936
0.005265
0.003548
-0.000770
-0.003038
-0.004947
-0.008405
-0.003212
0.001148
0.000250
-0.000925
-0.001989
0.003952
0.005690
-0.001721
-0.006827
-0.002230
0.001535
-0.006797
-0.003212
0.000697
-0.007455
-0.001519
-0.002773
-0.006255
-0.000280
-0.001837
-0.003427
0.000334
0.005961
0.007945
0.009732
0.001725
-0.005591
-0.006470
-0.005386
-0.006933
-0.006906
-0.000456
-0.004300
-0.006254
-0.002461
-0.004373
0.000057
0.009124
0.002101
0.001185
0.006007
-0.002695
-0.009698
-0.009415
-0.010827
-0.012694
-0.017865
-0.015118
-0.014869
-0.021830
-0.018559
-0.009072
-0.000563
0.002986
-0.000405
-0.002533
0.002305
0.004907
-0.001772
-0.003073
-0.002530
-0.000813
0.002165
0.001372
0.000454
-0.001978
0.008536
0.009059
-0.002591
0.000827
0.004910
0.004559
0.002457
-0.006000
-0.002971
0.007523
0.007045
0.006635
0.007744
0.001702
0.000899
0.007889
0.004505
0.000452
-0.000222
-0.001182
-0.000459
-0.001774
-0.001025
-0.006250
-0.003783
-0.001180
-0.004426
0.006170
0.009511
-0.004246
-0.003897
0.005268
0.003534
0.005267
0.010468
0.010529
0.007194
0.002000
0.000569
-0.000518
0.008942
0.002817
-0.004772
0.000871
-0.000585
0.000641
-0.004583
-0.004413
-0.004936
-0.004220
-0.001819
-0.003419
-0.002605
-0.000600
-0.001142
0.000493
0.003733
0.001749
0.001956
0.002087
-0.002942
0.002043
0.001382
-0.000438
0.000824
-0.004898
-0.002457
-0.003771
-0.008195
-0.006807
-0.006529
-0.001734
-0.001953
-0.002506
0.005968
0.002451
0.003340
0.005428
0.006417
0.006165
0.004611
0.005251
0.006924
0.005729
-0.002174
-0.007127
-0.000131
0.006556
0.002323
0.004515
0.001945
-0.001890
0.008647
0.008079
0.003538
0.000759
0.010597
0.010563
0.001419
0.007570
0.011168
0.005739
0.002054
-0.001131
-0.005479
-0.009309
-0.005478
-0.004351
-0.002569
0.002406
0.001487
0.005512
0.001195
0.001843
0.002878
-0.001041
-0.000592
-0.001921
0.000132
0.001690
-0.004863
-0.006964
-0.004372
-0.005170
-0.000733
0.004451
-0.000772
-0.006210
-0.005631
-0.002810
0.000146
-0.001488
-0.012450
-0.018559
-0.008497
0.000652
-0.009331
-0.007243
-0.001348
-0.007302
-0.009314
-0.007703
-0.010635
-0.008481
-0.003691
-0.004295
-0.001340
-0.001250
0.002836
0.001501
-0.002213
0.007060
0.005063
0.000292
0.005758
0.002139
0.003382
0.011714
0.007009
0.007489
0.010508
0.003352
0.002329
0.003383
0.008494
0.012105
0.008996
0.007315
0.001805
0.004924
0.003759
-0.007131
-0.003054
0.006454
0.009428
0.007315
0.007913
0.005376
0.003471
0.007329
0.004002
0.001081
0.001271
0.003286
-0.000245
-0.001473
0.000435
0.003640
0.005991
0.000532
-0.007737
-0.009756
-0.010553
-0.016542
-0.014258
-0.008905
-0.014813
-0.025680
-0.019158
-0.016043
-0.012294
-0.002030
-0.001802
-0.006000
-0.007777
-0.005755
0.001953
0.006556
0.004471
-0.003487
0.003027
0.010443
0.009426
0.000415
-0.005432
0.004893
0.004700
0.002873
0.005002
0.002093
-0.002480
0.000982
0.003387
0.000073
0.005689
0.006602
-0.001209
0.001579
0.004888
0.002949
0.003445
0.008474
0.010350
0.000251
0.000220
0.007874
0.007525
0.005478
0.003426
0.000003
0.003013
0.003057
0.001931
0.001658
0.000831
0.003547
0.001143
0.000989
0.001288
-0.000884
0.003317
0.005341
0.004824
0.005311
0.008507
0.003304
-0.000170
0.004822
0.008701
0.005263
0.001088
0.004261
0.002425
-0.005168
-0.005135
-0.002548
-0.006388
-0.008455
-0.005691
0.000150
-0.003172
-0.009753
-0.005823
-0.004260
-0.005515
-0.004144
-0.001713
-0.001790
-0.003343
-0.007078
-0.004645
0.001269
-0.000312
-0.004029
-0.006619
-0.001882
0.006609
0.001036
-0.005599
0.001563
0.004358
0.001258
0.002887
0.005875
0.004274
0.001174
0.002183
0.002095
0.000612
-0.004914
-0.008105
-0.006456
-0.007421
-0.001954
-0.010430
-0.012734
-0.002990
-0.003682
-0.010844
-0.007415
-0.002799
-0.006238
-0.003849
-0.003109
-0.007697
-0.009421
-0.008091
-0.005216
-0.001014
-0.000555
-0.001783
-0.001687
-0.001564
0.001274
-0.000269
-0.007917
-0.002577
0.008122
0.009529
0.003101
0.001115
0.010448
0.008445
0.000037
-0.000449
0.000018
0.004169
0.004482
-0.001942
-0.002260
-0.001246
0.001250
0.006873
0.001876
0.000787
0.004308
0.007215
0.004904
0.002038
0.002055
0.008499
0.009125
0.001528
0.003718
0.004970
0.004079
0.006483
0.007953
0.007441
0.004549
0.007521
0.008535
0.005015
0.004309
0.001343
0.003359
0.000389
-0.002828
-0.001236
-0.003082
-0.001963
-0.003821
-0.003636
0.000914
0.001109
0.001069
0.003714
0.000987
0.000906
0.001944
0.002969
0.002575
0.001068
-0.000582
-0.002748
-0.001799
0.000562
0.000179
-0.000712
-0.001182
-0.003275
-0.001233
0.003530
0.000977
-0.002319
-0.003101
-0.001981
-0.001118
-0.004202
-0.004605
-0.004430
-0.005162
-0.006970
-0.006987
-0.003671
-0.006280
-0.007497
-0.006989
-0.006675
0.000570
0.000063
-0.004580
-0.004942
-0.003190
0.001453
-0.000871
-0.004371
-0.001163
0.001173
0.000006
-0.000262
0.000827
-0.000673
0.001239
0.001580
0.002267
0.000845
-0.000372
0.002777
0.001645
0.003306
0.004623
0.001037
0.001045
0.004849
0.004553
0.002638
0.002224
-0.000648
0.000254
0.001876
-0.000600
-0.001702
0.000484
-0.000503
-0.001073
0.001312
-0.000028
-0.001770
-0.003023
-0.002041
0.000633
-0.000946
-0.001154
-0.000168
-0.000914
0.002625
0.003685
0.001657
0.000840
0.001390
0.002098
-0.000308
0.000695
0.002612
0.000694
-0.000949
-0.000226
0.000426
0.000440
0.000165
-0.000749
0.000413
0.000305
-0.000754
-0.001687
-0.000694
0.000493
0.000923
0.001362
0.001501
0.000702
0.000050
0.001571
0.002065
0.000580
0.001456
0.001720
0.000200
0.000603
0.000064
-0.001358
-0.002778
-0.002606
-0.001132
-0.001871
-0.002014
-0.001060
-0.001427
-0.001104
-0.000612
-0.002041
-0.001650
-0.001001
-0.001636
-0.001875
-0.001345
0.000633
0.000950
-0.000833
-0.000485
0.000692
-0.000327
-0.001612
-0.001190
-0.001545
-0.000040
0.000952
-0.000788
-0.000270
0.000601
0.000589
0.000746
0.000547
0.000244
-0.000085
0.000247
0.000683
0.000996
0.001295
0.001252
0.000401
0.000153
0.001280
0.001800
0.000628
0.000351
0.001065
0.000646
0.000439
0.000411
-0.000036
-0.000057
0.000085
0.000091
0.000656
0.000016
-0.000452
0.000776
0.000954
-0.000100
-0.000073
-0.000125
-0.000383
-0.000174
-0.000540
-0.000329
-0.000460
-0.000499
-0.000237
-0.000244
-0.000269
-0.000192
0.000045
-0.000132
-0.000157
0.000102
0.000063
0.000161
0.000009
-0.000061
-0.000133
-0.000298
0.000007
-0.000287
-0.000403
0.000160
-0.000043
-0.000214
0.000033
-0.000149
-0.000173
0.000071
0.000202
0.000131
0.000117
0.000051
-0.000065
-0.000008
0.000134
0.000009
-0.000046
0.000063
0.000039
0.000149
0.000135
0.000028
0.000116
0.000199
0.000162
0.000200
0.000184
0.000132
0.000134
0.000112
0.000151
0.000095
0.000020
0.000120
0.000106
0.000061
0.000101
0.000109
0.000051
0.000068
0.000092
0.000086
0.000091
0.000085
0.000082
0.000083
0.000061
0.000057
0.000055
0.000047
0.000041
0.000038
0.000032
0.000037
0.000030
0.000030
0.000028
0.000030
0.000026
0.000028
