#5/31/15 13:2:33.0 UTC Samples: 9100 dt: 0.01
0.000011
0.000020
0.000012
0.000021
0.000013
0.000022
0.000018
0.000025
0.000017
0.000030
0.000025
0.000032
0.000024
0.000022
0.000014
0.000044
0.000055
0.000074
0.000056
0.000043
0.000024
0.000019
0.000030
0.000029
-0.000041
0.000018
0.000094
0.000060
0.000023
0.000035
0.000063
0.000056
0.000005
0.000015
-0.000037
-0.000039
0.000016
0.000137
0.000005
-0.000157
-0.000031
0.000115
0.000101
0.000144
-0.000109
-0.000086
0.000045
-0.000014
0.000123
-0.000002
0.000062
0.000157
-0.000094
-0.000093
0.000067
0.000187
-0.000063
-0.000316
0.000201
0.000452
-0.000161
-0.000097
0.000243
0.000070
0.000071
-0.000041
-0.000026
-0.000039
-0.000212
0.000048
0.000124
0.000021
-0.000118
0.000236
0.000371
0.000058
-0.000216
-0.000088
-0.000071
0.000116
0.000341
-0.000231
-0.000501
-0.000237
-0.000329
0.000153
0.001017
0.000746
0.000031
-0.000512
-0.000326
0.000393
-0.000291
-0.000163
-0.000173
-0.000171
0.000930
0.000710
0.000131
-0.000499
-0.000016
0.000425
-0.000539
0.000356
0.000491
-0.000201
-0.000023
-0.000381
-0.000238
0.000154
-0.000111
-0.000636
0.000371
0.000646
-0.000356
-0.000036
-0.001386
-0.000910
-0.000119
-0.000848
-0.000086
0.000106
-0.000105
-0.000438
0.000229
0.000503
-0.000799
-0.000760
-0.000183
-0.000390
-0.000064
0.000698
-0.000050
-0.000528
0.000738
-0.000502
-0.001258
-0.000063
-0.001534
-0.000390
0.000992
0.000158
-0.000263
-0.001050
-0.000915
0.000242
0.000779
0.000091
-0.000512
-0.000212
-0.000056
-0.000064
0.001146
-0.000070
-0.001342
-0.001445
-0.001325
0.000751
0.000440
0.000493
0.000647
0.001953
0.001978
0.000264
0.001157
-0.000666
-0.001616
0.000901
-0.000171
-0.001535
-0.000876
0.000801
0.001385
0.001853
0.001852
-0.000862
-0.001722
0.000313
-0.000007
0.000471
0.001085
-0.001078
-0.001618
0.001178
0.001417
0.002138
-0.000032
-0.002204
0.000124
-0.000470
-0.000500
0.003787
0.001451
-0.002558
0.001496
0.002012
-0.000739
-0.000879
0.000069
0.000956
0.000437
-0.000983
-0.003253
-0.002330
0.003097
0.002213
-0.002045
-0.002864
-0.001176
-0.000927
-0.000906
0.001723
0.000152
-0.001191
0.000709
-0.001643
-0.000473
0.004466
0.000843
-0.003222
0.000869
0.002926
-0.002199
-0.001043
0.001929
0.000343
0.000157
0.001071
0.003405
0.001498
-0.001865
-0.000637
-0.000242
0.004489
0.002055
-0.000389
0.003385
0.001602
0.004793
0.005895
-0.000202
0.000385
0.001583
0.005535
0.003829
-0.002359
-0.001621
0.000534
0.001514
0.000917
-0.001382
-0.002443
-0.000109
-0.001110
0.000024
0.001496
-0.001553
0.000643
0.000917
-0.000200
0.001725
-0.000126
-0.000405
-0.003909
-0.004338
0.004524
0.006089
0.002872
-0.000043
0.000610
-0.000909
0.001618
0.003517
-0.001984
-0.001463
0.000362
0.000025
0.001939
-0.000207
-0.002483
-0.005453
-0.000226
0.003722
-0.001796
-0.003953
-0.004924
-0.007970
-0.000391
0.002579
-0.000572
0.001828
0.000907
0.003958
0.007933
0.000163
-0.003621
0.000595
-0.002632
-0.003076
-0.002387
-0.007524
-0.005742
-0.000664
0.001979
0.002106
-0.000700
0.000853
-0.001181
-0.001033
0.002056
0.001451
-0.002333
-0.004034
0.003082
0.005726
-0.000437
-0.001061
-0.005597
-0.007513
0.001020
0.004408
-0.001450
0.000458
-0.004419
-0.006419
0.002288
-0.000866
-0.006073
-0.000991
0.002006
0.000660
0.000449
-0.000336
-0.006670
-0.007628
-0.004694
-0.001204
0.001915
0.001488
0.001534
-0.001117
0.000511
0.006553
0.006442
0.003259
-0.001806
-0.000461
0.001776
-0.000468
-0.000674
-0.002014
-0.002495
-0.000266
-0.000556
0.001629
0.002106
-0.002829
0.000875
-0.001919
-0.000823
0.000621
-0.004284
-0.004291
-0.000133
0.000742
-0.007847
-0.002779
-0.001868
-0.005330
0.006844
0.007024
0.001330
0.003260
0.004283
0.001946
0.004576
0.001834
-0.001981
-0.001851
-0.003746
-0.002528
-0.000231
0.000833
0.000714
-0.001324
-0.001547
-0.000961
0.002864
0.000132
-0.005413
-0.002563
-0.001781
0.006206
-0.000213
-0.009506
0.000000
0.004049
0.000432
0.001196
0.001567
-0.001369
0.003553
0.001934
-0.000978
0.002007
-0.008001
-0.005612
0.002534
0.002402
-0.002598
0.001014
0.006803
0.008014
0.010169
0.000390
-0.003770
0.003908
0.003311
0.000295
-0.004785
-0.005783
0.000364
-0.003436
-0.006499
0.004138
0.004712
-0.001720
-0.004492
-0.002824
0.004549
0.003526
0.002548
0.001940
-0.000587
-0.002612
-0.000382
0.005019
0.005049
0.000813
-0.001147
0.002407
0.003643
-0.003756
-0.002684
0.003126
-0.001918
-0.004851
0.001044
0.000519
-0.003357
-0.001023
0.005591
0.003874
0.003687
0.005542
-0.000937
0.002714
0.003654
-0.003874
-0.000398
-0.001242
0.002645
0.005995
0.000765
-0.005517
-0.007923
0.004614
0.005480
-0.005150
-0.004286
0.000361
0.000298
-0.000251
0.005808
-0.000409
-0.002491
-0.002228
-0.006608
0.002341
0.003437
-0.003184
0.001079
0.000439
-0.004130
0.001904
0.002121
0.000325
0.001101
0.002969
0.002931
0.002298
0.001844
-0.001160
-0.000720
0.000545
0.001514
0.002198
-0.000291
-0.005030
-0.005836
0.004030
0.002146
-0.004594
-0.007578
-0.001549
0.009390
0.005429
0.005438
0.002652
-0.006381
0.000984
0.005358
0.001330
-0.004306
-0.006016
-0.004680
-0.004364
0.000345
0.000709
-0.004648
-0.005130
-0.000228
0.003442
-0.001433
-0.006669
-0.006628
0.001621
0.008213
0.006161
-0.001150
-0.005893
-0.006510
-0.000690
0.003406
0.000033
0.000578
-0.004713
-0.002760
0.003185
0.003781
0.007912
0.000864
-0.005911
-0.000638
0.003726
0.001412
-0.007238
-0.005592
0.006165
0.008399
-0.000875
-0.003067
-0.001683
-0.001471
0.001005
-0.000207
-0.002019
-0.003775
-0.001950
0.004979
0.001219
-0.003979
-0.004049
-0.000146
0.007018
0.004352
0.003599
0.005442
0.002542
0.001255
-0.000436
0.002979
0.000055
-0.003603
0.002190
-0.001285
0.000635
0.007631
0.002018
-0.001093
0.004104
-0.001225
-0.004758
0.000034
-0.000313
-0.003172
-0.002643
0.004184
0.001602
-0.005366
-0.003128
0.003050
0.004176
0.002154
0.002317
0.001088
0.000598
0.007455
0.004792
0.000808
0.000747
-0.004228
-0.003004
-0.001164
0.000329
-0.002322
-0.001617
-0.004991
-0.005095
-0.000486
-0.000539
0.004638
0.002177
-0.004499
-0.001205
0.000083
0.001250
0.000052
-0.009724
-0.008148
0.003907
-0.000349
-0.004439
-0.004649
0.000140
0.006994
0.004244
-0.004199
-0.007448
-0.002010
0.001891
0.008708
0.007914
-0.004711
-0.002951
0.001727
0.001268
0.009111
0.002747
-0.006359
0.002366
0.001057
-0.000495
0.002801
-0.006003
-0.008648
0.001926
0.003822
-0.002896
0.003279
0.002229
0.000185
0.001466
-0.000686
-0.004921
-0.009767
-0.006435
0.002713
0.007699
0.001440
-0.005272
-0.003145
-0.005238
-0.004745
0.003033
0.004357
-0.001463
-0.001644
0.003097
0.003721
-0.003334
-0.000457
-0.000763
-0.003266
0.001760
0.005346
0.000762
0.000393
0.006835
0.002177
-0.001381
0.002298
-0.000011
-0.004222
0.000590
0.000073
0.002371
-0.001707
-0.006497
0.003865
-0.000242
-0.004620
0.000711
-0.001240
-0.006602
-0.005574
-0.001707
0.006815
0.005733
-0.004895
-0.002666
0.006199
0.005581
0.000531
-0.002720
-0.004101
-0.006060
0.000032
0.003049
-0.001459
-0.003385
-0.003079
-0.000543
0.005366
0.001886
-0.007350
-0.002756
0.003556
-0.000551
0.000321
0.003322
-0.005198
-0.002541
0.004809
0.003436
0.002374
-0.000934
-0.001524
0.005187
0.011206
0.009967
0.004642
-0.000741
-0.002699
0.002259
-0.000221
0.002122
0.008915
0.002710
-0.003326
0.002979
0.002331
0.000117
0.000940
-0.001272
-0.002146
0.003902
0.009519
0.000886
-0.009712
-0.003937
0.006105
-0.002759
-0.002637
-0.000002
-0.004897
-0.001273
0.002065
-0.004095
-0.004054
-0.001888
-0.001914
0.003533
0.009391
0.007052
-0.003388
-0.003533
0.001264
0.000309
-0.001854
-0.000612
-0.001192
-0.008183
0.003156
0.006819
-0.004149
0.002037
-0.000828
-0.000737
0.006145
-0.005709
-0.008156
0.001638
0.002371
0.006130
0.004709
-0.002488
-0.005347
-0.004785
-0.000815
0.004602
-0.000705
-0.003971
0.003279
0.007263
0.003999
0.000986
0.000684
-0.005249
-0.002100
0.007385
0.003243
-0.005206
-0.000492
-0.000293
0.001213
0.001304
-0.003374
-0.000557
-0.001352
-0.003998
0.002227
0.001506
-0.011890
-0.007022
-0.000905
-0.002618
0.006390
0.008492
0.002853
-0.002272
-0.002403
0.003961
-0.001030
-0.000627
-0.000298
-0.002586
-0.001643
-0.004169
-0.002589
-0.001721
-0.005667
0.002190
0.010120
-0.002316
-0.005112
-0.002326
-0.001444
0.003217
0.001749
0.000589
-0.005593
-0.005182
0.007665
0.003607
-0.006278
-0.003107
-0.000019
0.002893
0.003673
0.000254
-0.000436
-0.000572
-0.001223
-0.003283
-0.001529
-0.000931
-0.005947
-0.005321
0.002940
0.001724
0.005519
0.004573
-0.007447
-0.001369
0.004299
0.001405
0.001690
0.002512
-0.003468
-0.005173
0.002084
0.006991
-0.001400
-0.007465
-0.004396
0.001880
0.004831
0.000963
-0.002147
-0.003616
-0.000782
0.006309
-0.000638
-0.003259
-0.000258
-0.007368
-0.000990
0.002986
-0.001821
0.000681
-0.004008
0.002673
0.002422
-0.000968
0.004509
0.002452
0.005984
0.005221
-0.001204
-0.001341
0.003178
-0.002754
-0.001508
0.001430
-0.000364
-0.001215
-0.004503
-0.000157
0.003813
0.001513
-0.007777
-0.009484
0.003062
0.000741
-0.004493
0.004414
0.001421
-0.003888
0.006170
0.010325
0.009451
-0.000031
-0.004657
-0.001607
0.002271
0.000469
0.000471
0.004157
-0.003176
-0.010096
-0.002856
0.006063
0.003310
-0.001998
-0.005582
-0.004530
0.001905
-0.003398
-0.003247
0.004457
-0.003589
-0.006863
0.006032
0.005017
-0.001897
-0.000799
0.002069
0.001067
0.001172
0.003804
0.006008
0.000333
-0.004285
-0.000070
-0.002874
-0.007009
0.001241
0.000395
-0.004486
-0.001512
0.002829
0.006939
-0.000139
-0.005129
0.005629
0.006729
-0.000829
-0.006125
-0.004227
0.004682
-0.001286
-0.002611
0.004674
0.003809
0.003689
0.010095
-0.000311
-0.008719
0.001819
0.003564
-0.003481
-0.000086
0.001002
-0.004358
0.002344
0.003074
-0.001194
0.004717
0.004794
0.002745
0.003319
0.002236
-0.003840
-0.005274
-0.004665
0.006489
0.009791
-0.000224
-0.001063
-0.004686
-0.002085
0.006832
0.000223
-0.005214
0.001926
-0.003087
-0.005143
0.006869
0.008903
0.000863
0.001025
0.003129
-0.001507
-0.000804
0.001878
0.001092
-0.005000
0.001895
0.002366
-0.003464
0.006850
0.005340
-0.001672
0.004871
-0.001184
-0.003378
-0.000658
-0.000663
0.001689
-0.003946
-0.003440
-0.001969
-0.001302
0.003954
0.001723
-0.004121
0.002271
0.003171
0.000465
-0.000206
0.001071
0.002245
-0.000794
-0.006920
-0.003425
0.004901
0.001124
-0.003128
-0.002064
-0.002283
-0.003087
-0.004413
-0.005989
-0.002204
-0.003365
-0.004086
0.001255
-0.000505
-0.000489
-0.001301
-0.000665
0.005737
0.008394
0.002329
-0.006731
-0.001409
0.005607
-0.006041
-0.011304
-0.002908
-0.002277
-0.001774
-0.000122
0.003248
0.001789
0.000960
0.004040
-0.000870
-0.006137
-0.005733
-0.001506
0.000962
0.002977
0.003020
0.001491
-0.002668
-0.003222
0.002775
0.003561
0.003747
-0.004913
-0.008296
-0.001770
0.000738
0.002130
-0.000951
-0.004291
0.002178
-0.001563
-0.001907
0.005885
-0.001434
-0.008586
-0.008937
0.002844
0.008015
0.002119
0.000577
-0.003598
-0.005775
0.003924
0.001778
-0.005882
-0.005353
0.000172
0.000691
-0.004299
-0.000189
0.001186
0.000148
-0.000113
0.004703
0.003227
-0.001557
-0.000226
0.002780
-0.000167
-0.003264
-0.000907
0.000374
0.004439
0.003896
-0.000878
0.001821
-0.001527
-0.004916
0.000637
0.000622
0.004882
0.005565
-0.002998
-0.001899
0.007962
0.007226
-0.000742
0.001286
-0.000161
-0.002107
0.002497
0.002060
-0.004807
-0.004959
-0.005229
-0.009284
-0.001230
0.001441
0.001973
0.003287
0.000565
0.006885
0.008729
0.006632
0.003048
0.005206
0.006443
0.000024
0.002093
0.004110
0.001974
0.005731
0.005075
-0.000690
-0.003899
-0.000300
-0.003534
-0.003986
0.007796
0.001592
-0.003587
0.002148
-0.005194
-0.000488
0.011746
-0.006795
-0.005647
0.003706
-0.002035
-0.001465
-0.004490
-0.004776
-0.004058
-0.000663
0.004296
-0.001742
-0.003404
-0.005303
-0.008000
0.004839
0.004213
-0.006431
-0.002246
-0.000425
-0.000959
0.001545
0.000928
-0.002472
-0.004692
-0.005124
0.002345
0.008229
0.002420
-0.003304
0.002340
0.006734
0.004137
0.000079
-0.001098
0.003454
-0.000269
0.001411
0.008722
0.000990
0.001783
0.004114
-0.000149
-0.000356
0.001569
0.002397
-0.008813
-0.001390
0.003393
-0.000977
0.001551
0.000241
-0.007822
-0.005908
0.004681
0.000078
-0.005327
-0.002314
0.002473
0.001830
-0.002517
-0.000668
0.002773
0.001381
-0.002730
-0.002587
0.002052
-0.000629
-0.003151
0.002197
0.005635
0.006308
-0.001619
-0.009155
-0.000824
0.001307
-0.001194
0.002349
-0.000730
-0.004337
-0.000675
0.002752
-0.000450
-0.002214
-0.003324
-0.000575
0.006853
0.006743
-0.003358
-0.003541
0.000100
0.004427
0.006315
0.001514
0.000602
-0.004321
-0.003789
0.002693
-0.002402
-0.005396
-0.005328
-0.007890
-0.002870
-0.001208
0.002926
0.004362
-0.003057
-0.001542
-0.005991
-0.001069
0.004067
-0.007580
-0.004924
0.005465
0.003175
0.000323
0.000402
0.000085
0.004778
0.006218
-0.002582
-0.004386
0.002878
0.001290
-0.002819
0.002645
0.000487
-0.007635
-0.002855
0.005942
-0.000546
0.000171
0.005141
-0.003885
-0.004500
0.001231
0.001390
-0.000446
0.000858
0.000522
0.003142
0.006427
0.001031
0.000675
-0.001301
-0.005587
0.000372
-0.004005
-0.004973
-0.002663
-0.006123
-0.001178
0.005240
0.001954
-0.003105
-0.001672
-0.002983
0.000630
-0.000454
-0.007657
-0.001895
0.002104
-0.001535
0.000756
-0.000639
-0.003641
-0.007958
-0.004331
0.003745
0.001642
0.003190
0.003868
-0.008756
-0.000278
0.012313
0.002239
0.001483
-0.001483
-0.005559
-0.001108
0.006130
-0.000443
-0.003014
0.005964
0.004192
0.004214
0.002940
-0.007822
-0.008460
0.005705
0.012129
0.005704
-0.003499
-0.001896
0.001502
0.000449
0.003474
0.003092
0.004831
-0.000494
0.001029
0.012289
0.010159
-0.001178
-0.005481
0.000876
0.006248
0.003771
0.000359
-0.002043
-0.006111
-0.001720
0.004468
0.005399
0.001937
-0.005201
-0.000172
0.005231
0.005070
0.004444
-0.006436
-0.007447
0.001827
0.002815
-0.000012
-0.006255
-0.004253
0.007968
0.005357
-0.006547
0.001286
0.003135
-0.002508
0.001837
-0.000103
0.001604
0.005981
-0.000805
-0.006620
-0.004186
-0.002813
-0.000895
0.004447
0.002451
-0.002758
0.004922
0.001918
-0.006196
-0.007154
0.001906
0.010997
0.001673
-0.002910
0.001854
-0.001151
-0.002742
0.000570
0.001425
-0.000218
-0.005373
-0.003615
-0.002253
-0.006162
-0.004503
-0.004545
-0.001773
0.003811
0.001815
-0.002138
-0.002613
-0.001595
-0.002214
0.002992
0.000265
-0.004502
-0.001819
0.000090
0.000224
-0.002728
0.001432
-0.000443
0.003167
0.003906
-0.000338
-0.002391
-0.005676
-0.004827
-0.003020
0.001385
0.008154
0.003439
-0.005190
-0.000784
0.000426
0.001923
0.006190
0.003172
-0.009409
-0.002779
0.009284
0.006213
-0.000351
-0.002455
-0.000267
0.006428
0.004476
-0.005272
-0.003216
-0.001699
-0.000200
0.002164
0.003325
-0.000178
-0.003473
-0.002298
-0.004634
0.000358
0.007536
-0.001170
-0.006727
0.003173
0.004954
-0.004058
-0.008185
-0.005644
0.002458
0.005614
-0.000382
-0.002175
0.000426
-0.000532
0.001872
0.003596
-0.001219
-0.003537
-0.006567
-0.003771
0.006685
0.001122
-0.002612
0.005204
0.000056
-0.004260
0.005399
0.008706
0.001182
-0.000852
0.004875
0.005663
0.001112
-0.000344
-0.001450
-0.003896
0.001397
0.001808
-0.002450
0.000984
-0.002999
-0.001526
0.008175
-0.000466
-0.009505
-0.004259
-0.000438
0.001070
0.003003
-0.005379
-0.005346
0.002186
0.004889
0.008094
0.002431
0.002786
0.001068
0.000757
0.003371
0.002570
0.001067
-0.000471
-0.005526
-0.005421
0.000762
-0.000912
-0.001297
0.004348
0.001936
-0.003456
-0.001831
-0.000571
-0.001242
0.003451
0.005354
-0.002022
-0.000097
0.003015
-0.002032
-0.001893
-0.000743
0.001899
0.000034
-0.000093
-0.001085
-0.003451
-0.001069
0.000176
0.000496
-0.003355
-0.008817
-0.002403
0.001382
0.000789
-0.002837
-0.004801
-0.001028
-0.001266
0.005002
0.003234
-0.005303
-0.001906
0.002657
0.004119
0.004280
-0.000527
-0.000280
0.007577
0.003759
-0.003880
-0.000785
-0.003130
-0.005256
0.003162
0.001238
-0.001184
0.006916
-0.000572
-0.000646
0.005375
-0.004955
-0.005544
-0.002874
-0.007191
0.004382
0.004888
-0.010159
-0.004929
0.005608
0.006670
0.004805
0.001259
0.001733
-0.002619
-0.004870
0.004536
-0.001051
-0.004512
-0.000104
-0.009288
-0.003018
0.005081
-0.001698
0.000855
0.002673
-0.003857
0.001648
0.002141
-0.003596
0.001502
0.000027
-0.000278
0.003652
0.001359
-0.006304
-0.006781
0.005811
0.008326
0.001635
-0.001043
-0.005741
0.000485
0.003380
0.002192
-0.002955
-0.006739
-0.000930
-0.000188
0.000179
0.000253
-0.003726
-0.000471
0.000861
0.001026
0.006394
0.001009
-0.001400
-0.002715
-0.004811
0.000649
0.003272
-0.000089
-0.002087
0.001442
-0.000599
-0.001975
-0.001101
-0.003279
-0.003293
0.006204
-0.000993
-0.009790
-0.004035
-0.003954
0.001645
-0.000154
-0.000966
0.004139
0.004695
0.005114
0.000085
-0.002145
0.001422
-0.001172
-0.001837
0.002729
-0.002548
-0.004062
0.001906
-0.000791
0.001396
0.006371
0.000340
-0.000011
-0.001496
-0.000816
0.001485
-0.008670
-0.000521
0.004430
-0.008068
-0.003759
0.003272
0.000524
-0.002302
-0.001070
-0.002986
-0.004023
0.003654
0.009858
-0.000171
-0.009705
0.003141
0.005804
-0.002321
0.003858
0.005112
-0.001795
0.002390
0.006721
-0.000842
-0.004809
-0.000549
0.000998
0.005500
0.005037
-0.001519
0.004209
-0.001804
-0.004798
0.004623
0.002838
0.002996
0.001883
0.000084
0.000739
-0.001352
-0.001267
-0.002453
0.000592
-0.000225
-0.002290
0.000696
0.003271
0.003508
0.002722
-0.002296
-0.003283
-0.001245
0.004493
0.003030
0.000068
0.002064
0.002701
-0.000728
-0.000776
0.005032
-0.000457
-0.001598
0.003877
-0.004227
-0.001766
0.004920
-0.003800
-0.001579
0.004998
0.002116
0.005049
0.003960
0.003269
0.005958
-0.001253
-0.000389
0.003808
-0.000204
-0.005337
-0.005724
0.001058
0.002336
0.004819
0.004265
0.002795
-0.001375
-0.006083
0.003327
0.002746
-0.008870
-0.009306
-0.002677
0.000562
-0.001796
-0.000016
-0.001422
-0.005219
0.000955
0.005875
0.004935
0.001543
-0.007357
-0.005868
0.005837
-0.000711
-0.004973
0.005328
0.004733
-0.000239
0.004422
0.005213
-0.001005
-0.010028
-0.006852
0.005004
0.006861
-0.000209
-0.000481
-0.006227
-0.003616
0.009177
0.001820
-0.007888
-0.004897
0.005997
0.010281
0.005873
0.004634
0.000916
-0.000063
0.002147
-0.001785
-0.000729
-0.001514
-0.007625
-0.001993
0.004751
0.002098
-0.004167
-0.008177
-0.002675
0.001400
0.001886
0.002361
0.000298
-0.002321
-0.004191
-0.000640
0.001025
-0.000699
-0.001497
-0.005552
-0.001853
0.005238
-0.000239
0.000358
-0.001026
-0.002841
0.004685
0.004975
-0.001532
-0.005601
-0.004203
0.003396
0.003822
0.000356
-0.005082
-0.008714
0.001299
0.009715
0.000590
-0.006614
-0.002266
-0.001678
0.009750
0.010618
0.000813
-0.002888
-0.004629
0.001670
0.007259
-0.000604
-0.004843
-0.001174
0.002497
0.001289
-0.000955
-0.000858
-0.001422
-0.002850
-0.004906
0.000672
0.003740
-0.002794
0.001957
-0.000107
-0.000960
0.001533
-0.002595
0.001329
0.000313
-0.003323
0.001669
0.003050
-0.006521
-0.008468
0.001778
0.006815
0.004928
0.004479
0.002079
-0.000499
0.002433
0.001742
-0.000960
-0.001164
-0.005437
-0.001396
0.001798
-0.003941
-0.002246
-0.000899
-0.000950
0.003365
0.005879
0.000246
-0.006637
-0.001961
0.004702
0.003704
0.000014
-0.005215
-0.006985
-0.001451
0.000314
0.003773
-0.000012
-0.004640
-0.001148
0.003014
0.003155
0.004059
-0.000124
-0.004268
-0.005564
-0.004114
-0.002432
-0.003690
-0.001466
-0.000135
0.001750
0.005013
-0.000373
0.001111
0.004331
0.001202
-0.000269
-0.000957
0.004806
0.001179
-0.007251
0.002118
0.004261
-0.000963
-0.005892
-0.010510
0.003930
0.008351
-0.003525
-0.002665
-0.003618
-0.007467
-0.000338
0.003828
0.001198
0.006405
0.004184
0.003513
0.005268
-0.002900
-0.000888
-0.000377
-0.003020
0.008452
0.001579
-0.007041
-0.001648
-0.003540
-0.004574
0.001864
0.000576
-0.003674
-0.002504
-0.004591
-0.001544
0.004607
0.002710
-0.004108
-0.005792
0.000623
0.003378
0.004494
-0.003064
-0.007920
-0.000755
0.004303
-0.001342
-0.008342
0.001507
0.002657
-0.003245
0.003136
0.000790
0.003220
0.003417
0.002390
0.005442
0.003668
0.002400
-0.000654
-0.004438
-0.006711
-0.000100
0.004601
-0.000146
-0.004470
-0.005646
0.000975
-0.000536
-0.010002
0.001128
0.001902
0.001983
0.005317
-0.002762
-0.004595
-0.007688
-0.002803
0.004913
0.000605
-0.004242
-0.004189
-0.001621
0.003867
0.007092
0.005854
0.001997
-0.004758
-0.000164
0.004815
0.004413
0.003900
-0.004277
-0.001858
0.005536
0.005137
-0.001842
-0.001799
-0.002167
-0.002375
-0.002167
-0.002215
0.001618
-0.000622
-0.006459
-0.004104
0.004918
0.006999
0.001348
-0.001284
0.001359
0.005910
0.002730
-0.004924
-0.007854
-0.007939
0.001310
0.003772
0.000875
0.002708
0.000594
0.003049
0.003913
0.003954
0.003562
-0.005653
-0.002955
0.007168
0.006086
0.001842
0.001242
0.002983
0.000632
0.001437
0.006274
-0.000468
-0.004802
-0.002915
0.001503
0.005206
-0.002821
-0.007697
-0.003765
0.000230
0.004729
-0.001307
-0.003482
-0.002958
-0.002319
-0.006411
-0.003707
0.002079
-0.000285
-0.000804
0.001944
0.006693
0.003389
-0.001063
-0.003998
-0.001282
0.002934
0.007998
0.004521
0.000140
0.001109
0.000937
0.003928
-0.002561
0.000021
0.000741
-0.001482
0.004883
0.003829
-0.005825
-0.001517
0.003208
-0.001809
0.002031
0.001596
-0.000494
-0.001480
0.000161
0.005424
0.003856
-0.003701
-0.002143
0.001805
0.006438
0.007255
-0.001002
0.002342
0.002297
-0.001417
0.003202
-0.003947
-0.008257
-0.003946
-0.001104
0.006567
0.002557
-0.000482
-0.004876
-0.006556
-0.002079
-0.002243
-0.001520
-0.004146
-0.004190
-0.002795
0.001922
0.002642
-0.002106
-0.005700
-0.003334
0.006899
0.002153
-0.001711
-0.000661
-0.004356
-0.002816
0.001037
0.006967
0.001270
-0.004824
0.000245
0.003968
0.002069
-0.003229
-0.007225
-0.004528
-0.000295
0.005415
0.000600
-0.001997
0.003088
0.009186
0.004375
0.004285
0.007916
-0.002564
-0.007950
-0.007703
-0.005833
-0.001474
0.001092
-0.001420
-0.004894
0.003415
0.004475
-0.002139
-0.004986
-0.002842
0.004399
0.008907
-0.000182
-0.003778
0.001020
0.002737
0.000278
0.004254
0.003259
-0.003301
0.003465
0.000725
-0.001055
-0.003335
-0.004229
-0.000002
0.000996
0.010796
0.005545
0.001328
0.003593
0.000101
0.006443
0.002950
-0.003448
-0.000906
-0.001388
-0.001556
0.004694
0.001352
-0.007085
-0.007874
-0.005026
0.001920
0.004811
-0.003300
-0.005541
-0.004326
0.002199
0.007805
0.003570
-0.005664
-0.006237
-0.004143
-0.003337
-0.001923
-0.002226
0.003074
0.001585
0.001324
0.006220
0.002430
-0.000350
-0.001552
-0.003012
0.006243
0.002488
-0.004388
0.002339
0.004993
-0.001380
0.002379
-0.001141
-0.004313
-0.000977
0.000842
0.002682
-0.000245
0.001972
0.004683
0.002372
0.002870
0.005392
0.002366
-0.000118
0.000793
-0.001047
0.000249
0.000431
-0.001140
-0.005318
-0.000359
-0.001369
-0.007563
-0.001953
-0.003756
-0.004097
0.005083
0.005386
0.000570
-0.000097
-0.001799
-0.001454
0.003558
0.003792
0.001042
-0.004464
-0.002571
-0.000082
0.002309
-0.000759
-0.009088
-0.007522
-0.001280
-0.003853
-0.002737
-0.000013
-0.006485
-0.009204
-0.001602
0.001845
0.001051
0.002627
-0.001848
-0.000686
0.006163
0.000649
0.001580
0.004834
0.001818
0.006917
0.003326
-0.004965
-0.003868
-0.001233
0.003406
0.002366
-0.000149
-0.002383
-0.001920
0.002169
0.000231
-0.001672
0.002117
0.001662
-0.004281
-0.002582
0.002373
0.000615
-0.002867
-0.004259
-0.002328
0.001589
0.003336
0.005035
0.000014
-0.005387
0.004835
0.004960
-0.002096
0.000734
-0.008385
-0.011171
-0.000193
0.003625
-0.004692
-0.008493
-0.002397
0.001859
-0.001519
-0.003740
-0.000458
0.000263
0.000043
0.007893
0.003648
-0.004134
-0.004103
-0.001689
0.006750
0.007020
0.001135
0.001686
-0.001150
-0.003671
0.000091
0.007026
0.007910
-0.001905
-0.006759
0.000993
0.000686
-0.004282
0.000175
-0.003841
-0.004602
0.002191
-0.003289
-0.000463
0.003333
0.001460
-0.000591
0.000906
0.004277
-0.000258
-0.006578
-0.005720
0.001481
0.001058
-0.001097
0.000480
0.002418
-0.001045
-0.004091
-0.002594
-0.000932
0.000126
0.002080
0.002508
0.003011
0.002284
-0.003622
0.003371
0.003527
-0.002424
-0.003351
0.002462
0.002649
-0.000612
0.007720
0.001891
-0.003253
-0.002161
-0.006478
-0.001122
0.003684
0.007444
0.006945
0.003540
-0.000665
0.003223
-0.000288
-0.001923
0.003929
0.001068
-0.000408
0.004408
0.006035
0.003625
-0.004646
-0.005883
-0.001283
-0.002054
-0.005156
-0.001072
0.004599
0.008506
0.006626
0.004218
0.000876
-0.001824
0.004618
0.005767
0.001368
-0.002459
-0.003715
-0.001167
0.003321
0.006083
0.001697
-0.000672
-0.001478
0.003802
0.000472
-0.004058
-0.004454
-0.000100
0.003704
0.000330
0.001227
0.005398
0.008241
0.005503
0.005150
0.003635
-0.007014
-0.001713
0.006014
-0.002431
0.000317
0.002114
-0.004264
0.002423
0.000912
0.000740
0.008270
0.003761
-0.003450
-0.004736
-0.000672
0.004799
-0.000392
-0.009640
-0.004719
0.000384
0.003227
0.003709
-0.005015
-0.003794
-0.000820
0.000598
0.003370
-0.003852
-0.000875
0.002482
-0.002994
-0.000152
-0.002480
-0.001277
-0.000403
-0.014866
-0.006405
0.009177
-0.000942
-0.004731
-0.006368
-0.004467
-0.000497
-0.001639
-0.001864
-0.002861
0.001537
0.003995
-0.004704
-0.005056
-0.001477
-0.001466
-0.000461
-0.003993
0.001036
0.002641
-0.006617
-0.006372
-0.000437
-0.002220
-0.000121
0.003757
-0.004608
-0.001752
0.007080
0.007900
0.005995
-0.004417
-0.005268
0.002277
0.001989
0.002499
-0.001112
-0.008678
-0.004249
-0.000063
-0.007315
-0.003081
0.010570
0.003348
-0.001934
0.008835
0.008951
-0.000519
-0.001209
-0.002684
-0.002429
0.000750
-0.005883
-0.009574
0.000292
0.010948
0.005277
-0.004368
-0.001663
0.000867
-0.002371
-0.000727
0.001425
-0.001336
-0.005142
0.001775
0.008012
-0.001636
-0.003749
0.001400
-0.000187
0.002945
0.002658
-0.001607
0.001809
0.004742
0.007080
-0.000936
-0.001084
0.002114
0.001760
0.005873
0.003975
0.000357
-0.000522
-0.005370
-0.006505
0.000785
0.002148
-0.000759
-0.001075
-0.004968
-0.008098
0.000504
0.004764
0.001237
-0.000094
-0.001192
0.004893
0.003438
-0.003319
-0.003885
-0.003750
-0.001284
0.002885
0.005241
-0.001060
-0.005236
-0.004701
-0.002339
0.000820
0.002423
0.004725
0.000284
-0.001146
0.002822
-0.003494
-0.005736
-0.000412
0.003076
0.005378
0.003475
0.001813
0.004056
-0.001228
-0.000920
0.000593
-0.004598
0.003540
0.001839
-0.000575
0.006054
0.003295
-0.001447
-0.002885
0.000686
-0.002399
-0.004614
-0.005723
-0.007817
-0.003694
-0.000219
0.003585
0.004206
-0.000084
0.003471
0.000027
0.000361
0.001847
0.003146
-0.000291
-0.034745
-0.100556
-0.297961
-0.575933
-0.577835
-0.378236
-0.038585
0.264244
-0.080766
-0.644199
-0.822503
-0.839274
-0.237473
1.162474
1.984755
1.708734
1.983950
2.537605
1.912527
0.309117
-1.748923
-2.416732
-1.908526
-1.006234
-0.227727
-0.154185
0.377683
0.558384
0.124148
-0.603351
-0.579906
-0.069075
-0.824518
-0.863881
0.728297
1.000162
-0.166691
-0.220919
0.167391
0.269795
0.251013
-0.159568
0.124045
0.890380
0.496760
-0.520526
-0.800187
-0.444903
-0.061849
0.125940
-0.427345
-0.569434
0.671401
1.522709
0.624016
-0.784546
-0.913534
-0.022664
0.699603
0.743870
0.193034
-0.453807
-0.930819
-0.531926
0.756624
0.584493
-0.572199
-0.307125
0.481859
0.582510
0.005499
-0.611086
-0.576283
-0.213016
0.196998
-0.052607
-0.294520
0.246018
0.694304
0.484719
-0.301329
-0.517855
-0.073033
0.188520
0.107626
-0.268578
-0.355880
-0.357805
-0.507143
0.044979
0.614008
0.621297
0.407398
-0.424045
-0.560438
-0.119236
-0.213404
-0.139188
-0.071406
0.176684
0.196401
-0.205224
0.176989
0.911656
1.209761
1.115600
0.560477
-0.549897
-0.725399
-0.099909
-0.891901
-1.696026
-0.949809
0.560127
1.369612
0.230187
-0.520203
0.292689
-0.158798
-0.565159
0.554160
0.674471
0.025959
-0.468592
-0.671143
0.197391
0.328308
-0.909293
-0.882227
0.422409
1.075551
0.572878
-0.158877
0.123472
0.373496
-0.517890
-0.732240
0.840169
1.218210
-0.365003
-0.857050
0.001833
0.598789
-0.100384
-0.278904
0.068264
-0.711615
-0.112670
0.360260
-0.933786
-1.323014
-0.565938
0.318017
1.169767
1.734127
1.112900
0.537235
0.277892
-0.902704
-1.538729
-0.390721
-0.188757
-0.883380
0.480688
1.364521
0.899670
1.669660
0.797322
-2.314790
-1.895953
0.345463
-0.109731
-0.948637
-0.526278
0.407614
0.486203
-0.241846
-0.232191
0.337908
0.433026
0.385242
0.084645
0.262902
0.955646
-0.392729
-1.341459
-0.063395
0.892093
1.099226
0.511915
-0.602309
-0.584300
0.004328
0.124951
0.048213
-0.328507
-0.712246
-0.463891
0.081914
-0.178970
-0.006442
0.562130
0.367092
0.209585
0.130385
0.409372
0.512808
-0.400377
-1.135396
-0.377586
0.240312
-0.560821
-0.240558
0.791636
0.181973
-0.037706
0.583964
0.057845
-0.430008
-0.025929
0.152137
0.036031
0.395423
0.310468
-0.613255
-0.477289
0.566652
0.937122
0.287260
-0.492474
-0.681368
-0.947796
-0.879619
-0.033739
1.880077
3.047105
1.207109
-0.841783
-1.815452
-2.145609
-1.922267
-0.452142
1.637796
1.943917
1.584895
1.441963
0.275236
-1.082990
-2.159334
-2.577596
-1.899834
-0.758641
0.750633
1.135705
-0.333981
-0.465081
1.200199
0.557060
-0.701350
0.451116
1.288787
-0.121738
-0.700146
0.970375
1.199805
-0.537222
-1.472519
-0.291753
1.775769
1.038681
-1.329323
-0.646805
0.563922
-0.590442
-0.809949
0.663033
0.884648
0.335644
0.771535
0.243885
-1.381045
-1.546180
-0.071608
1.287952
1.740338
0.216537
-1.574470
-0.282658
0.367636
-0.622290
-0.147430
0.029226
0.048538
0.012779
-0.638622
-0.633980
-0.311385
-0.127688
0.085096
0.849602
1.145296
0.316390
-0.392067
-0.817341
-1.102214
-0.600363
0.239965
1.412381
2.634577
2.169451
1.446547
0.931708
-1.404104
-4.066915
-4.235207
-2.788981
-0.206689
2.993582
4.241162
3.166006
0.808285
-1.532561
-2.817698
-2.380106
-1.247960
-0.284560
0.872592
2.368413
2.757748
0.920493
-1.336255
-2.604352
-2.178767
-0.952450
0.547780
2.567463
2.929747
1.296608
-0.804788
-1.645150
-1.336284
-1.912615
-2.036123
0.431512
2.929900
2.267946
0.330474
-0.645450
-1.298025
-0.977965
-0.415575
-0.408611
0.450791
1.315124
0.681529
-0.334791
-0.470609
-0.196987
-0.364988
-0.441429
-0.020348
0.506441
0.712548
0.091873
0.169161
0.734623
0.542638
0.081233
-0.600516
-0.698941
-0.312404
-0.842921
-1.148999
-0.121922
0.633726
0.600126
0.772636
0.933559
0.271875
-0.499920
-1.490800
-1.332541
0.603689
1.325010
0.680021
0.838462
0.854722
-0.528403
-0.758822
-0.243663
-0.354605
-0.045383
-0.277933
-0.445977
-0.372553
-0.394512
-0.204727
0.085985
0.187543
-0.671162
-0.238687
1.560886
1.605095
0.169451
-1.347233
-1.476407
-0.094804
0.361254
0.121477
0.721090
1.165114
0.560482
0.426754
0.642840
-0.147122
-1.162811
-1.432212
-0.547591
0.309820
0.469219
0.556310
0.636395
0.543801
-0.042693
-0.004656
-0.065122
-1.086809
-0.785012
0.400121
0.232617
-0.218844
-0.068402
-0.446425
-0.413917
-0.069003
-0.342508
-0.268974
0.837750
1.537115
0.543469
-0.461486
-0.078649
0.542104
0.374967
0.186690
0.609869
0.130544
-0.987469
-1.125866
-0.773816
-0.671917
-0.605883
-0.140174
0.306885
0.474985
0.305402
-0.286684
-0.405425
-0.063568
-0.182647
0.112714
0.933831
0.689305
0.102184
0.566241
0.499393
-0.707659
-0.783458
-0.035818
0.086569
0.281241
0.502713
-0.082087
-0.750946
-0.157268
0.593257
0.081444
0.004112
0.362258
-0.313919
-1.094041
-1.160330
-0.474234
0.452843
0.869713
0.575141
0.326204
0.278468
0.119959
-0.089150
-0.252062
0.080334
0.636756
0.497023
0.236067
0.479975
0.082374
-0.784675
-1.047549
-0.553384
-0.566019
-0.948054
-0.695292
-0.167530
0.504927
0.716580
0.740284
0.507039
-0.023797
-0.464388
-0.752110
-0.349586
0.444564
0.565668
0.189032
0.756669
1.179185
0.434282
-0.012596
-0.608009
-0.843000
-0.089636
-0.147339
-0.710482
-0.376271
0.680701
0.701327
-0.191625
-0.490737
-0.339183
-0.075330
-0.108001
-0.275821
0.017188
0.377002
0.436030
-0.045618
-0.602367
0.040771
0.607518
-0.000336
0.171992
1.130162
1.204431
0.883792
0.432130
-0.296499
-0.398910
-0.260252
-0.547319
-0.950110
-0.895289
-0.183167
0.041355
0.017047
0.224314
-0.341359
-0.842580
-0.123672
0.278314
-0.067487
0.476017
0.987511
0.318660
0.072478
-0.042949
-0.887014
-1.073664
-0.468181
-0.431457
-0.686831
-0.092908
0.614851
0.558258
0.260702
0.083325
0.115012
0.021195
0.001890
0.438067
0.763393
0.614275
0.462359
0.343879
-0.197375
-0.429257
0.177432
-0.046170
-0.801957
-0.187559
0.129517
-0.520463
-0.591060
-0.231807
-0.239742
-0.881282
-0.650898
0.461280
0.727570
0.515604
0.082905
-0.224761
0.278072
0.687570
0.343893
0.056239
0.456148
0.582393
-0.033126
0.245864
1.040608
0.741791
0.086391
-0.046757
-0.046664
-0.384183
-0.723835
-0.831838
-0.861269
-0.714515
-0.203410
0.285990
0.048291
-0.170956
0.224287
0.367061
-0.065737
-0.354524
-0.287004
-0.358122
-0.132509
-0.142289
-0.505854
0.207605
0.722251
0.387344
0.365438
0.488368
0.554790
0.245230
-0.118864
-0.136947
-0.073921
0.235947
0.281483
-0.035198
0.002105
-0.050213
-0.433112
-0.346232
-0.323317
-0.462058
-0.100074
-0.140481
-0.523394
-0.226337
0.376977
0.135186
-0.422168
-0.117804
-0.004593
-0.330365
0.338937
0.763422
-0.231946
-0.361245
0.871160
1.073154
0.166700
-0.338275
-0.151188
0.094832
0.025736
-0.185760
-0.306113
-0.333761
-0.179049
0.261505
0.402276
0.143994
-0.107744
-0.193459
0.023331
-0.248520
-0.526282
0.000755
0.168948
0.092668
0.386837
0.605821
0.293649
-0.172369
0.021122
0.164372
-0.050619
-0.042908
-0.325788
-0.652576
-0.541041
-0.796826
-0.910977
-0.129628
0.450561
0.268803
0.019230
0.124873
0.360188
0.411728
0.190187
-0.014702
0.281268
0.451143
0.176085
0.121006
-0.074856
-0.276552
0.054611
0.352395
0.292946
-0.094975
-0.222884
-0.151246
-0.338925
-0.357166
-0.020435
0.311517
0.241514
0.195157
0.278117
-0.133903
-0.344405
0.283401
0.506810
-0.196383
-0.380759
0.326575
0.320322
-0.330207
-0.376689
-0.132011
-0.047840
-0.041421
-0.268725
-0.423652
-0.138913
0.240793
0.101109
-0.273853
-0.123392
0.101926
0.069053
0.061282
0.176880
0.347478
0.284614
-0.101037
-0.329470
0.051110
0.343756
-0.312692
-0.746889
-0.086876
0.313726
0.141637
0.116243
0.270039
0.201121
0.051354
0.258705
0.178174
-0.325196
-0.276583
-0.012095
-0.127719
-0.132449
0.125595
0.188249
-0.100100
-0.039367
0.237513
0.064370
-0.036662
0.107938
0.142247
-0.105686
-0.160669
0.353215
0.604867
0.261576
0.080336
0.315295
0.354830
0.097413
-0.166123
-0.191608
-0.030386
-0.192798
-0.837882
-0.933054
-0.302278
-0.060023
-0.226241
-0.121583
0.139975
0.098362
0.275206
0.423502
-0.110969
-0.168165
0.207266
-0.095209
-0.324908
0.090922
0.255206
-0.076556
-0.085069
-0.007608
-0.332029
-0.580422
-0.248888
0.305663
0.374102
0.227891
0.128689
0.018817
0.122373
0.218782
0.303820
0.510912
0.315238
0.076235
0.388868
0.476174
-0.261864
-0.817661
-0.571553
-0.149745
-0.023304
-0.021941
0.091714
-0.067551
-0.128790
0.118717
-0.102178
-0.334350
-0.023480
0.135180
0.032945
0.090944
0.066487
-0.261680
-0.383758
-0.141577
-0.074528
-0.088701
0.034342
0.074913
0.009493
-0.109369
-0.180691
0.043471
0.397129
0.367588
0.170969
0.231638
0.322719
0.233283
0.187657
0.380889
0.364273
-0.059727
-0.311907
-0.372114
-0.446130
-0.400151
-0.508334
-0.658341
-0.300691
0.263286
0.297139
0.105057
0.254648
0.336741
0.057166
-0.106289
0.214123
0.486164
0.413867
0.246712
-0.026356
-0.206786
-0.220972
-0.382969
-0.678348
-0.632508
-0.203666
0.128133
0.092590
-0.136096
-0.117208
-0.047375
-0.264279
-0.291895
-0.014384
0.102236
0.165568
0.548147
0.807236
0.388595
-0.031929
0.013376
0.064573
0.050855
0.009916
-0.126432
-0.030252
0.199852
0.032752
-0.267317
-0.220202
0.005162
-0.010118
-0.111666
-0.028339
0.116952
-0.001124
-0.066948
0.168055
0.175487
0.058893
-0.067251
-0.191946
-0.154231
-0.082903
-0.013157
0.111569
0.237498
0.109545
0.010321
0.077938
0.025042
0.194987
0.422050
0.291036
0.133966
0.038174
-0.049853
-0.242286
-0.313671
0.071883
0.230400
0.033219
-0.091353
-0.298920
-0.333953
-0.129526
-0.152877
-0.291781
-0.238406
-0.036442
0.086684
0.018229
-0.194307
-0.155851
0.188731
0.384361
0.290472
0.100453
0.107005
0.093282
-0.096577
-0.084851
-0.021830
-0.043922
0.063174
0.176851
0.194762
0.144266
-0.018235
-0.266677
-0.307892
-0.013639
0.108255
-0.073285
-0.066240
0.044949
0.022263
0.002948
-0.133015
-0.365163
-0.302982
-0.012821
0.060642
-0.117709
-0.255391
-0.118132
0.095960
0.064516
-0.065989
0.084010
0.260730
0.193721
0.094842
-0.091882
-0.160211
-0.021457
0.137296
0.090697
-0.029288
0.208256
0.351369
0.199356
0.154289
0.165850
0.099095
0.039718
-0.057605
-0.161284
-0.063646
0.187829
0.218468
0.052518
0.044107
0.003038
-0.115061
-0.073396
-0.016002
-0.020763
-0.135726
-0.148257
0.100122
0.132760
-0.107448
-0.188000
0.063861
0.168623
-0.071619
-0.248143
-0.156957
0.090228
0.181575
0.059719
-0.136259
-0.222108
-0.156358
-0.140952
-0.195220
-0.200215
-0.080728
0.054881
0.036728
0.036420
0.062890
-0.111830
-0.121336
0.080471
0.113883
0.008507
-0.043076
0.019289
0.004368
0.055284
0.234767
0.221063
0.133656
0.074036
-0.025750
-0.085474
-0.083737
-0.105355
-0.184056
-0.158547
-0.029883
0.073652
0.122862
0.018787
-0.152223
-0.178805
-0.087785
-0.007933
-0.067125
-0.156634
-0.097301
-0.033380
0.000359
0.017397
-0.058914
0.030555
0.185926
0.176166
0.246563
0.306800
0.258927
0.185767
0.116144
0.107380
0.122259
0.138405
-0.023687
-0.180214
0.017844
0.186595
0.138203
0.144426
0.152194
0.216128
0.172858
-0.045678
-0.094030
-0.202150
-0.352701
-0.174308
0.031585
0.025827
-0.079108
-0.219253
-0.326612
-0.293646
-0.089706
0.064608
-0.021973
-0.071544
0.007886
-0.047232
-0.085802
-0.079312
-0.179655
-0.174791
-0.137653
-0.208723
-0.101931
0.068620
0.028395
-0.001113
0.004321
0.033127
0.155883
0.235293
0.164581
0.082524
0.130849
0.101700
0.012840
0.085214
0.124383
0.077122
0.075721
-0.005535
-0.154561
-0.170379
-0.071860
-0.079208
-0.126295
0.071599
0.282803
0.262132
0.201834
0.231580
0.163505
-0.048040
-0.120842
-0.003708
0.016768
-0.078342
-0.031405
0.047880
-0.008213
-0.199997
-0.344069
-0.149436
0.093479
-0.026926
-0.185671
-0.090497
0.038137
0.054054
0.065168
0.086631
0.081377
0.183669
0.222929
0.053133
-0.109215
-0.181597
-0.255821
-0.222555
-0.223890
-0.316903
-0.111619
0.179020
0.228854
0.139896
0.073660
0.048754
-0.075194
-0.097032
0.101087
0.117931
-0.073571
-0.006980
0.132382
0.108478
0.119715
0.080366
-0.070204
-0.147273
0.058804
0.242735
0.021827
-0.176035
-0.093041
-0.089980
-0.154969
-0.098517
0.007515
0.015375
-0.035646
-0.039280
0.022040
0.140689
0.183639
0.166465
0.152192
0.082486
-0.056908
-0.064842
0.005388
-0.061795
-0.069130
-0.017226
0.036914
0.122824
0.126078
0.117079
0.108482
-0.056205
-0.117117
0.097408
0.199167
0.105219
-0.000251
0.013816
0.074069
0.028255
-0.057267
-0.122171
-0.059572
0.006123
0.017475
0.049991
-0.036597
-0.233594
-0.231232
-0.018000
0.070232
0.002057
0.039290
0.142869
0.037616
-0.147228
-0.191817
-0.088147
0.000987
-0.091785
-0.130767
-0.029547
-0.007866
-0.116167
-0.228962
-0.176712
-0.028954
-0.048446
-0.018986
0.213706
0.278086
0.128577
0.006562
0.085913
0.182160
0.050658
-0.056024
-0.046985
-0.061982
-0.046114
-0.059351
-0.120486
-0.061533
0.020360
-0.040715
-0.098414
-0.102522
-0.056442
0.042670
0.064535
0.038480
-0.030123
-0.093320
0.010271
0.057645
-0.056806
-0.071135
0.106183
0.195724
0.094701
0.091093
0.176775
0.186463
0.119037
-0.007847
-0.062786
0.102306
0.190171
-0.037444
-0.160348
0.074501
0.242650
0.064229
-0.054671
-0.008746
-0.064361
-0.068218
0.032662
0.038342
-0.060533
-0.172325
-0.175856
-0.114690
-0.076789
-0.047626
-0.075585
-0.171842
-0.211382
-0.103257
-0.003145
-0.106103
-0.251882
-0.155892
0.090766
0.171812
0.153986
0.170265
0.020890
-0.087820
0.120357
0.206590
-0.028938
-0.112815
0.090647
0.243137
0.181930
0.037526
0.039294
0.055781
-0.036013
-0.088255
-0.101963
-0.053957
0.058154
0.049507
-0.082181
-0.150892
-0.091447
-0.008039
0.006552
-0.012446
-0.041993
0.038392
0.189557
0.152936
0.085250
0.082637
0.039801
-0.038498
-0.069617
0.014770
-0.037684
-0.107631
0.133296
0.277028
0.089374
-0.036972
0.018773
0.106770
0.108916
0.035144
-0.073878
-0.198477
-0.208667
-0.077504
0.066476
0.088528
0.015879
-0.055123
-0.093480
-0.088307
-0.069829
-0.074390
-0.044395
-0.000824
0.007823
0.052480
0.064281
0.031673
0.034356
-0.019385
-0.048412
0.048295
0.084873
0.017386
-0.057439
-0.131123
-0.163584
-0.098319
0.023960
0.046267
0.009973
0.000735
0.037009
0.148674
0.085135
-0.073050
0.050570
0.226059
0.153125
-0.004722
-0.060088
-0.024530
0.050779
0.074084
-0.060782
-0.159973
-0.125913
-0.115495
-0.101687
0.006093
-0.001581
-0.130294
-0.078751
0.020905
-0.015848
-0.089879
-0.059809
0.048687
0.061961
0.016772
0.013774
0.003198
-0.034608
0.015938
0.098977
0.066937
0.026846
0.051067
-0.025087
-0.160445
-0.155128
-0.033765
0.012332
-0.140607
-0.178031
-0.017961
-0.002452
-0.012933
0.085763
0.071759
-0.008051
0.090353
0.247413
0.191085
0.051027
-0.000780
-0.064280
-0.092538
-0.049627
-0.020998
0.000239
0.007413
-0.007736
-0.023790
0.016413
0.151886
0.236356
0.116390
-0.019423
-0.001166
0.034882
0.050601
0.038175
-0.019696
-0.025305
-0.052676
-0.150257
-0.180746
-0.109412
0.003043
0.002936
-0.064204
-0.034170
0.039003
0.109283
0.109927
0.010674
-0.074268
0.020491
0.183344
0.195787
0.101550
-0.019787
-0.119898
-0.117490
-0.089838
-0.106681
-0.054187
0.031890
0.067895
0.065354
0.057211
0.022818
-0.079367
-0.146529
-0.078214
0.020790
0.016591
0.021316
0.137174
0.169026
0.020146
-0.098620
-0.062403
0.005435
-0.030250
-0.054198
0.025940
0.118353
0.177960
0.156397
0.067670
0.058896
0.106063
0.062050
-0.020598
-0.075403
-0.142523
-0.221908
-0.230642
-0.117444
-0.049119
-0.104881
-0.096851
0.051684
0.108411
0.007526
-0.015341
0.024746
0.009050
0.052403
0.123674
0.071959
0.007039
0.023235
-0.000463
-0.021104
0.025484
-0.041948
-0.109425
0.009846
0.148924
0.154796
0.048904
-0.027535
-0.016519
0.025065
0.019730
-0.060483
-0.103173
-0.032388
0.004843
-0.097645
-0.143928
-0.017359
0.080863
0.035305
-0.045635
-0.091917
-0.122219
-0.102892
-0.015200
0.026237
-0.047155
-0.070431
0.030814
0.065494
-0.036634
-0.104269
-0.066335
0.021631
0.044576
0.016022
0.075496
0.092537
0.022718
0.023298
0.056053
0.048268
0.072796
0.072836
0.010223
-0.012518
0.010043
-0.003403
-0.040682
-0.010106
0.012064
-0.023103
-0.071286
-0.104506
-0.062482
0.033591
0.048648
-0.025303
-0.096046
-0.088837
0.025709
0.145877
0.100357
-0.044734
-0.008628
0.073810
0.087419
0.099959
0.008692
-0.053232
-0.045097
-0.067417
-0.076087
-0.009528
0.117181
0.085417
-0.045234
0.007437
0.112565
0.091060
-0.022580
-0.085572
-0.061755
-0.063225
-0.020487
0.051762
0.064120
0.001819
-0.071951
-0.061550
0.016633
0.033347
-0.085568
-0.139265
-0.063528
0.031735
0.044853
-0.018461
-0.060474
-0.044493
0.026600
0.018565
-0.050528
-0.014380
0.091246
0.121371
0.054347
-0.000680
0.043413
0.106942
0.045808
-0.060343
-0.076585
-0.007835
0.038115
-0.030290
-0.082004
-0.019782
0.083604
0.082188
-0.032025
-0.066783
0.016157
0.076792
0.042345
0.051080
0.133914
0.178556
0.131229
0.061140
0.050433
0.031880
-0.007841
-0.036404
-0.061047
-0.060577
-0.043762
-0.060952
-0.066712
-0.090606
-0.119505
-0.118378
-0.128702
-0.114852
-0.063356
-0.012566
-0.030902
-0.071700
0.008162
0.131831
0.114013
0.009593
-0.063348
-0.031189
0.103294
0.175396
0.142553
0.072741
0.052325
0.120501
0.144087
0.114264
0.081607
0.025668
0.016752
-0.015201
-0.098896
-0.127171
-0.126909
-0.145049
-0.103659
-0.011470
0.002414
-0.016138
-0.054628
-0.065229
-0.041206
-0.076001
-0.116502
-0.142995
-0.109161
-0.029884
0.004857
-0.001575
-0.005781
0.005646
-0.012067
-0.067882
-0.123668
-0.082434
0.026398
0.029301
0.006562
0.052451
0.048109
-0.021897
-0.033822
0.003245
0.039222
0.070841
0.075003
0.068836
0.059293
0.034186
0.042942
0.088459
0.099589
0.009563
-0.081479
-0.037207
0.031445
0.017441
0.046928
0.084839
-0.008141
-0.034104
0.060665
0.046385
-0.039385
-0.034687
0.047975
0.152875
0.169025
0.037595
-0.059891
-0.027144
0.006375
0.009211
-0.010978
-0.017686
0.043891
0.054489
-0.060145
-0.111918
-0.052828
-0.033522
-0.046431
-0.051751
-0.056346
-0.049642
-0.018912
0.008501
-0.014166
-0.021114
0.009360
0.001155
-0.006722
0.054918
0.074190
0.023702
0.030390
0.059792
0.042122
-0.010978
-0.082099
-0.121895
-0.096490
-0.014718
0.062807
0.049071
-0.004915
-0.038701
-0.069470
-0.042085
0.031810
0.035827
0.010633
-0.003893
-0.033514
-0.024259
-0.005730
-0.030491
-0.075313
-0.077375
-0.003883
0.046663
0.048704
0.052449
0.046490
0.042345
0.057355
0.080778
0.079036
0.056142
0.033511
0.039907
0.041087
0.012211
-0.012284
-0.031442
-0.054800
-0.088096
-0.075483
-0.021001
0.013559
-0.000147
-0.027123
-0.017416
-0.032567
-0.043743
-0.019503
-0.055847
-0.103648
-0.025211
0.057145
0.056483
0.052359
0.056340
0.069064
0.033468
0.001078
0.020942
0.029777
-0.000320
-0.056766
-0.023695
0.045355
0.001348
-0.046669
-0.049098
-0.055876
-0.027778
0.008064
0.049994
0.070342
0.046390
0.015956
-0.005719
-0.019278
-0.038231
-0.021335
-0.013317
-0.041569
-0.050710
0.020367
0.100681
0.060098
-0.008719
-0.004740
0.006910
-0.004204
0.020730
0.064060
0.056929
0.001502
-0.012259
0.035712
0.046293
-0.026270
-0.076663
-0.073979
-0.049633
0.010955
0.031278
0.012406
-0.005422
-0.014013
0.025892
0.050940
0.005132
-0.037423
-0.002887
0.084516
0.092199
0.035923
0.005817
-0.015621
-0.039535
-0.077679
-0.116770
-0.109007
-0.060067
-0.051932
-0.064328
-0.026184
0.023308
0.024440
0.004441
-0.001790
0.022984
0.076980
0.122671
0.113976
0.024727
-0.053505
-0.045553
-0.019962
-0.018702
-0.019115
0.038209
0.092153
0.088112
0.064215
0.024346
-0.033765
-0.074761
-0.043019
-0.029534
-0.097408
-0.144214
-0.128313
-0.072091
-0.055545
-0.095356
-0.099622
-0.058742
-0.034148
-0.003425
0.071152
0.117070
0.091566
0.074011
0.094942
0.055687
-0.033401
-0.065356
-0.054021
-0.055637
-0.085946
-0.080404
0.023282
0.089841
0.023460
-0.058169
-0.043866
0.005253
0.003913
-0.000490
0.054806
0.109674
0.119361
0.100394
0.081444
0.078644
0.055558
0.022758
-0.008598
-0.032338
-0.014026
0.010128
-0.035227
-0.075450
-0.011799
0.068623
0.066893
0.002280
-0.051843
-0.055878
-0.043997
-0.031938
-0.011853
0.030611
0.102228
0.110280
0.056038
0.053224
0.045179
-0.030793
-0.062631
-0.030018
0.023501
0.067614
0.064825
0.025647
-0.014075
-0.026483
-0.028130
-0.048174
-0.060044
-0.022402
0.032119
0.026368
0.011567
0.054192
0.063948
0.027805
0.036404
0.093530
0.104035
0.059493
0.029877
-0.023283
-0.080138
-0.039810
0.013876
-0.012976
-0.014413
0.037699
0.027784
-0.038937
-0.079067
-0.046408
-0.022940
-0.055309
-0.059314
-0.016388
0.013327
-0.013097
-0.056198
-0.073975
-0.078854
-0.081948
-0.044689
0.014675
0.039471
0.038100
0.011853
-0.020602
-0.028100
-0.012874
-0.027692
-0.071650
-0.074010
-0.054047
-0.044596
-0.034119
-0.043275
-0.044658
-0.005942
-0.000212
-0.026487
-0.050794
-0.076869
-0.035996
0.048348
0.052870
-0.000856
0.003079
0.054010
0.063012
0.012852
-0.045445
-0.052650
-0.036562
-0.032909
-0.017818
0.011907
0.020157
-0.014383
-0.024714
0.004548
0.008524
-0.003729
0.000356
-0.012554
-0.001004
0.045601
0.059462
0.037884
0.037461
0.036280
0.017663
0.041441
0.074367
0.057661
-0.012603
-0.071073
-0.063231
-0.024803
0.014324
0.028400
0.010037
-0.003604
0.005360
0.007893
-0.027606
-0.051039
-0.034881
-0.020392
-0.009102
0.025442
0.065920
0.073692
0.050684
0.034072
0.045823
0.082348
0.089805
0.059327
0.030552
0.031190
0.035069
0.003945
-0.012104
0.012172
0.025441
0.022953
0.009310
-0.003409
-0.013431
-0.033222
-0.064214
-0.085557
-0.053537
-0.010968
-0.016500
-0.026630
-0.004227
0.024796
0.014019
-0.015939
-0.010510
0.003757
0.008650
0.050946
0.098206
0.099932
0.085528
0.069291
0.045119
0.046780
0.076447
0.051223
-0.020357
-0.020321
0.024334
0.022665
-0.001454
-0.020415
-0.049593
-0.074437
-0.072246
-0.049164
-0.019199
-0.021351
-0.034656
-0.021479
-0.016997
-0.022106
-0.037461
-0.042434
-0.003139
0.024139
-0.001584
-0.006067
0.016268
-0.016986
-0.080647
-0.076564
-0.041300
-0.041406
-0.020420
0.037515
0.052640
0.025139
0.026189
0.034885
0.003115
-0.020039
-0.011963
-0.008781
-0.048522
-0.084226
-0.037808
0.009629
0.001362
0.006194
0.000608
-0.014709
0.011524
0.023456
-0.013435
-0.050772
-0.014173
0.047203
0.066134
0.056815
0.016524
-0.022703
-0.030884
-0.034746
-0.042425
-0.032092
-0.040233
-0.079502
-0.075223
-0.026580
-0.001109
-0.012506
-0.020084
-0.004237
0.022641
0.052678
0.035717
-0.029472
-0.020000
0.031116
0.035837
0.035069
0.033511
0.005567
-0.034688
-0.028238
0.021527
0.041485
0.004288
-0.040005
-0.055661
-0.057888
-0.057748
-0.056258
-0.046908
-0.028301
0.001447
0.050639
0.081322
0.060395
0.028741
0.014588
0.011767
-0.008661
-0.042105
-0.023464
0.019892
0.058851
0.095344
0.112833
0.117278
0.075927
0.009009
-0.015271
-0.020389
-0.038824
-0.037311
-0.008193
0.029312
0.033869
0.013313
0.000759
-0.010824
0.013323
0.003428
-0.035415
0.002445
0.054663
0.057065
0.027369
0.000267
-0.011932
-0.030226
-0.044798
-0.054725
-0.035272
-0.015185
0.002326
0.023408
0.001913
-0.004520
0.031129
0.051915
0.033822
0.026552
0.025181
0.004658
-0.015583
-0.017322
-0.000377
0.037341
0.030486
-0.020120
-0.003386
0.063907
0.080895
0.051434
0.048794
0.027479
-0.039528
-0.084628
-0.078181
-0.037295
-0.020823
-0.040622
-0.035472
0.011388
0.026630
-0.000790
-0.002597
-0.011178
-0.016500
0.018563
0.053407
0.062613
0.051407
0.022153
-0.018575
-0.043138
-0.054095
-0.053867
-0.008933
0.012843
-0.024078
-0.040508
-0.014718
-0.019099
-0.064184
-0.061797
-0.037526
-0.062290
-0.067908
-0.037956
0.004597
0.025117
-0.009770
-0.043652
-0.048724
-0.046626
-0.034626
0.016545
0.066001
0.040360
-0.007085
-0.012058
0.002844
0.007664
-0.008269
-0.007579
0.041469
0.080760
0.070584
0.092315
0.132756
0.092164
0.009394
-0.031996
-0.012745
0.020302
0.025728
0.027570
0.012759
-0.020401
-0.012810
0.038632
0.030952
-0.011214
-0.017279
-0.053323
-0.089297
-0.030565
0.038288
0.007704
-0.034650
-0.029926
-0.037367
-0.035776
0.005589
-0.026164
-0.090795
-0.076423
-0.051301
-0.052121
-0.052867
-0.038620
-0.039338
-0.052285
-0.035990
-0.012353
0.009347
0.007537
-0.015619
-0.019564
-0.010952
0.031773
0.067907
0.031621
-0.008999
0.000027
0.009924
0.016864
0.029663
0.025964
0.027849
0.017356
0.019981
0.058411
0.037435
-0.023970
-0.020998
0.018439
0.027287
0.025663
0.046071
0.064852
0.080496
0.050095
-0.011977
0.021086
0.058329
0.017589
-0.003445
0.003930
0.010483
0.017361
0.013894
0.003980
0.028158
0.029021
-0.027014
-0.042507
-0.028576
-0.057654
-0.046518
0.011468
0.028168
0.035479
0.071299
0.060556
-0.004825
-0.025018
-0.020541
-0.032933
-0.045619
-0.050334
-0.042447
-0.039494
-0.047228
-0.061725
-0.067100
-0.040037
-0.001600
0.009821
0.010873
0.023652
0.041606
0.025201
-0.000810
0.002097
-0.000283
-0.003655
0.027774
0.041421
0.004736
0.009298
0.045156
0.027369
0.008283
0.016811
0.017717
-0.010565
-0.025650
0.002671
0.047262
0.060511
0.011764
-0.008309
0.062917
0.111295
0.071369
-0.008691
-0.080663
-0.114812
-0.089852
-0.056671
-0.060165
-0.058201
-0.031093
-0.013228
-0.006710
0.023948
0.050958
0.025193
-0.019508
-0.023497
0.015828
0.036840
-0.011128
-0.032698
0.001819
0.002633
-0.020966
-0.042723
-0.059495
-0.055235
-0.032049
-0.013017
-0.022015
-0.050762
-0.062695
-0.029768
0.018349
0.022024
-0.016639
-0.016718
0.025120
0.027045
-0.007044
-0.005431
0.026035
0.030921
0.021584
0.016527
0.023291
0.038727
0.014138
-0.016237
-0.018822
-0.013101
0.005072
0.014126
0.022468
0.046737
0.061404
0.041654
0.010302
0.005103
0.013276
0.013044
-0.017566
-0.037110
-0.006745
0.008561
0.017303
0.036189
0.018932
0.008416
0.007024
0.013132
0.028818
0.035711
0.022633
-0.012668
-0.007720
0.021424
0.027327
0.023988
0.010823
-0.035032
-0.052859
-0.033278
-0.006786
0.017848
-0.007228
-0.014728
0.026672
0.034562
0.006805
0.003770
0.035962
0.024869
-0.033256
-0.050969
0.003042
0.041667
-0.001112
-0.059429
-0.069680
-0.038685
-0.023518
-0.039511
-0.029278
0.019790
0.048443
0.038423
0.037633
0.026175
-0.016287
-0.024492
0.002332
0.002423
-0.018639
-0.016482
0.012942
0.017005
-0.010385
-0.009868
-0.001928
-0.007399
-0.018572
-0.017668
0.030538
0.031191
-0.009753
0.017406
0.041750
0.029150
0.011658
0.009047
0.023778
0.022088
-0.002585
-0.024920
-0.031200
0.008084
0.046632
0.037004
0.008544
-0.006245
-0.015506
-0.026440
-0.004603
-0.005061
-0.035348
-0.022583
0.003708
-0.009407
-0.053352
-0.087377
-0.061457
-0.003969
0.001041
-0.048123
-0.067391
-0.013753
0.008689
-0.018142
-0.032539
-0.010796
0.005808
0.008936
0.019425
0.046517
0.075719
0.041963
-0.007817
-0.009414
0.021940
0.020011
-0.008950
-0.005484
-0.001173
-0.001591
-0.013086
-0.028156
0.005998
0.039929
0.051482
0.074772
0.042270
-0.019181
-0.036663
-0.015877
0.005459
0.000538
-0.001140
0.008452
0.007243
0.001436
0.000247
0.002958
0.007647
0.011936
0.018674
0.020083
0.016210
0.012313
0.005305
-0.011893
-0.026705
-0.003427
0.016538
0.029661
0.034130
-0.010120
-0.040001
-0.023211
-0.021928
-0.046758
-0.072436
-0.055754
0.002750
0.016433
-0.017670
-0.025372
0.004337
0.020359
-0.005317
-0.020421
-0.013251
-0.031776
-0.064097
-0.064153
-0.050226
-0.040732
-0.028132
0.000998
0.024108
0.012062
-0.006718
-0.009309
-0.001408
0.004414
0.013171
0.031403
0.036491
0.041701
0.042398
0.038980
0.044404
0.029388
0.015637
0.017037
0.038983
0.047802
0.008542
-0.013277
0.009160
0.039727
0.055285
0.042689
0.018909
0.005992
0.008743
-0.022120
-0.026756
0.030272
0.059609
0.040949
0.002086
0.001515
0.017137
-0.013038
-0.039924
-0.036432
-0.001053
0.026614
0.014391
-0.006870
0.010567
0.029257
-0.042858
-0.089314
-0.058037
-0.048246
-0.045672
-0.021418
-0.027640
-0.010975
0.030812
0.006821
-0.021163
-0.002584
0.011437
0.000507
-0.015582
-0.026874
0.004419
0.027433
-0.000435
-0.000986
0.019800
0.013135
0.013174
0.025530
0.034695
0.030544
0.023981
0.024925
0.004178
-0.028380
-0.029955
-0.011132
0.023606
0.048556
0.046410
0.037763
0.006019
-0.033235
-0.053801
-0.047010
-0.013162
0.015016
0.008401
0.012564
0.028777
0.015093
-0.010798
-0.033589
-0.021215
-0.003420
0.007054
0.015126
0.000747
-0.021230
-0.030598
-0.021293
-0.019443
-0.047145
-0.073539
-0.068398
-0.003201
0.045011
0.040248
0.029348
0.000262
-0.008517
-0.004491
-0.015280
-0.012691
-0.007747
-0.021072
-0.026656
-0.007010
-0.005433
-0.025741
-0.036977
-0.028085
0.006763
0.047575
0.040967
0.019870
0.019696
0.005920
-0.021580
-0.028004
-0.011105
-0.001107
0.009990
0.029538
0.016914
-0.003915
-0.019236
-0.046544
-0.068422
-0.063643
-0.033259
-0.012023
-0.009220
0.005793
0.021556
0.026963
0.029194
0.037330
0.036658
0.027445
0.036227
0.041750
0.028609
0.027765
0.014671
-0.010446
-0.015359
-0.020357
-0.015827
0.002606
0.007915
-0.013730
-0.035602
-0.017223
0.007452
0.014844
0.030690
0.030718
0.022246
0.034385
0.047031
0.055025
0.031188
-0.002554
-0.008174
0.000957
0.008923
0.013549
0.021510
0.014041
-0.013368
-0.011142
0.008709
-0.007313
-0.035682
-0.032412
-0.008597
0.008329
0.019506
0.014587
0.006868
0.013112
0.023145
0.029690
0.024658
-0.009718
-0.019290
0.019542
0.016775
-0.024011
-0.029496
-0.027867
-0.035027
-0.044387
-0.043469
-0.015263
-0.001115
0.003818
0.020256
0.024471
-0.002733
-0.011291
0.008710
0.003847
-0.002512
0.021072
0.032689
0.015582
-0.000559
-0.010585
-0.007212
-0.000245
0.010812
0.016359
-0.003204
-0.016388
-0.011799
-0.008857
-0.008134
-0.003893
-0.005825
-0.027905
-0.031583
-0.002822
-0.013717
-0.034190
-0.002831
0.013937
0.000059
0.003362
0.016036
0.018906
-0.000411
-0.019529
-0.007588
0.014226
0.016638
0.004545
0.019360
0.032576
0.006835
-0.004655
0.009022
-0.009573
-0.026334
-0.014891
-0.013100
-0.006116
-0.003191
-0.011682
-0.019341
-0.007997
0.009450
0.003284
-0.012750
-0.010182
-0.005251
-0.008496
-0.002017
0.000998
-0.019472
-0.035801
-0.006026
0.037176
0.035265
0.005452
-0.001949
0.005506
0.004165
0.001414
0.005260
0.014549
0.020481
0.014821
0.022505
0.021890
-0.015042
-0.046927
-0.035695
-0.030394
-0.032958
-0.013039
0.010119
0.007784
-0.013332
-0.012904
-0.014587
-0.029873
-0.027547
-0.013990
0.019665
0.046674
0.035736
0.026647
0.028788
0.014259
0.001490
-0.002348
-0.005038
-0.015363
-0.031698
-0.013207
0.010988
0.003851
-0.008752
0.011894
0.038293
0.040942
0.022224
-0.003116
-0.003783
0.019798
0.012176
0.002993
0.032639
0.038530
0.022926
0.014194
0.017151
0.022555
0.026156
0.024540
0.012981
0.002351
-0.010189
-0.006837
0.006914
0.016197
0.005689
-0.010179
-0.003347
-0.022860
-0.056605
-0.055860
-0.032707
-0.021577
-0.016446
0.010071
0.037847
0.035994
0.013627
-0.007625
-0.004465
-0.013687
-0.024457
-0.007887
0.005133
0.014387
0.007338
-0.023102
-0.036204
-0.032751
-0.036479
-0.028299
-0.019421
-0.016465
0.005854
0.016395
0.003435
-0.011203
-0.028286
-0.030258
-0.018666
-0.005595
-0.008056
-0.028025
-0.024941
-0.002812
0.012277
0.011914
-0.009602
-0.017618
0.001267
0.022319
0.033123
0.018897
-0.006407
-0.004269
-0.003253
-0.015820
-0.006197
0.014133
0.018475
0.016800
0.020133
0.011032
-0.001472
-0.011461
-0.021171
-0.001409
0.003690
-0.005615
0.017772
0.036167
0.022767
-0.000835
-0.018864
-0.021989
-0.010174
0.010946
0.017855
0.021746
0.021088
0.002883
-0.007820
0.004803
0.024992
0.032794
0.020958
0.015558
0.030270
0.046197
0.032856
0.000936
-0.000061
0.011546
0.012780
0.002728
-0.005012
-0.000434
0.000647
0.002380
0.012096
0.008196
-0.007512
-0.017336
-0.027506
-0.025053
-0.013980
-0.013993
-0.002861
0.006193
-0.006277
-0.001343
0.018517
0.011549
0.002756
0.018598
0.017738
0.000927
-0.003367
-0.011928
-0.020032
-0.021012
-0.023415
-0.012080
0.006044
0.006040
0.009553
0.023911
0.017815
0.001103
-0.016048
-0.036940
-0.043183
-0.027431
-0.021657
-0.027121
-0.038596
-0.019311
0.007164
-0.006816
-0.022110
-0.020672
-0.010072
-0.008126
-0.018261
-0.012172
0.004938
-0.003633
-0.014297
-0.024129
-0.028028
-0.031054
-0.032105
-0.011690
0.011451
0.025774
0.030397
0.022023
0.005613
-0.008753
-0.008355
0.000588
0.005861
0.023783
0.041937
0.031766
0.007260
-0.002975
0.007368
0.026715
0.037137
0.024581
0.002801
0.002359
-0.001629
-0.023588
-0.025533
-0.021186
-0.019090
-0.003256
0.011580
0.005634
0.001073
0.008597
0.001466
-0.000463
0.002419
0.008906
0.027901
0.024885
0.005567
0.009765
0.010453
-0.002380
-0.011718
-0.018134
-0.025293
-0.012941
0.003413
0.006666
0.007730
0.007846
0.005971
0.010234
0.022540
0.022782
0.022912
0.029772
0.017150
0.013676
0.019465
0.016212
0.017288
0.012016
0.014817
0.021930
0.018553
0.020733
0.026547
0.043338
0.050462
0.026840
0.002327
-0.003392
0.008690
0.010607
-0.011622
-0.019837
-0.015872
-0.021889
-0.030650
-0.033580
-0.043621
-0.049829
-0.040073
-0.038494
-0.017346
-0.001373
0.003365
-0.000039
-0.006268
0.004151
0.018505
0.000594
-0.033034
-0.035387
-0.020921
-0.024966
-0.035998
-0.019429
-0.001022
0.010172
0.015805
-0.002036
-0.016627
-0.016480
-0.016645
-0.016354
-0.004193
0.013008
0.008487
0.008507
0.010934
0.007116
0.016775
0.002390
-0.021440
-0.022044
-0.017160
-0.018910
-0.023861
-0.023699
-0.008417
0.000555
0.004989
0.022910
0.033363
0.025229
0.006730
0.007631
0.028744
0.036027
0.028865
0.028776
0.024300
0.007358
-0.003492
0.000042
-0.000373
-0.000036
0.007665
-0.001564
-0.000259
0.011865
0.010082
0.001574
-0.010907
-0.011468
-0.002791
-0.007850
-0.019415
-0.006433
0.010789
-0.001875
-0.017750
-0.024697
-0.009450
0.005954
-0.000804
-0.008248
-0.015050
-0.004838
-0.000959
-0.012068
-0.018177
-0.010652
0.007823
0.013043
0.003080
0.004509
0.003366
-0.002215
-0.010970
-0.024214
-0.038378
-0.035052
-0.004688
0.002693
0.000243
0.015436
0.020865
0.010808
0.009290
-0.002424
-0.016150
-0.022813
-0.037123
-0.016452
0.012323
0.006092
-0.000858
-0.001801
0.000799
0.013755
0.019173
0.016185
0.013972
0.008978
0.002962
0.008535
0.028673
0.024488
0.012340
0.017796
0.015030
0.012762
0.021729
0.008652
-0.010419
0.003358
0.020016
0.020706
0.017930
0.014449
0.011519
0.005886
-0.004269
-0.001219
0.007839
-0.008101
-0.008410
-0.010027
-0.015673
0.003041
0.016632
0.008774
-0.012058
-0.017329
-0.022503
-0.025803
-0.013867
-0.005957
-0.002827
0.001215
0.003209
0.009427
0.009558
-0.008643
-0.015935
-0.007470
-0.012842
-0.023987
-0.026431
-0.029776
-0.025808
-0.006276
-0.001074
0.002325
0.011187
0.003477
-0.003217
0.011570
0.026869
0.027314
0.019470
0.020669
0.022354
0.014064
0.001954
-0.017175
-0.030284
-0.021555
-0.012132
-0.020132
-0.027840
-0.014936
0.001203
0.000300
0.000465
0.010534
0.007003
0.010694
0.023947
0.026562
0.031574
0.028795
0.022659
0.018548
0.011914
0.002427
-0.003328
0.001220
-0.004610
-0.014656
-0.002336
0.001678
-0.008668
-0.014002
-0.014392
-0.012283
-0.015002
-0.011581
-0.001301
0.003646
-0.006383
-0.001727
0.002652
-0.010176
-0.022147
-0.021083
-0.022424
-0.026818
-0.014364
-0.009043
-0.009129
-0.006364
0.001050
0.006201
0.002653
-0.003452
0.003215
0.005734
-0.004111
-0.006511
0.002482
0.012256
0.015904
0.021343
0.015481
0.013869
0.025168
0.020971
0.006378
-0.011167
-0.022876
-0.009779
0.010856
0.024711
0.034855
0.019052
0.017917
0.026440
0.020838
-0.000813
-0.032472
0.000690
0.019235
-0.003942
0.001903
0.004691
-0.002536
-0.001586
-0.017633
-0.019433
-0.006826
-0.001319
0.005642
0.002189
0.009574
0.017365
-0.000309
-0.002583
0.005397
-0.005290
-0.011888
-0.012320
0.002024
0.025160
0.020482
0.011661
0.005592
-0.015813
-0.007337
0.004865
-0.010779
-0.019066
-0.018037
-0.018618
0.002300
0.022645
0.010106
-0.007215
-0.006750
0.019815
0.026918
0.008282
0.000013
0.007578
0.013597
0.005854
0.003310
0.002083
-0.015867
-0.037620
-0.032388
-0.025462
-0.032693
-0.036035
-0.027496
-0.008165
-0.015477
-0.018870
-0.008358
-0.008249
0.005247
0.015123
0.008874
0.001242
0.004913
0.006630
0.011171
0.018469
0.024838
0.022143
0.012863
0.011725
0.003348
0.001357
0.014683
0.019199
-0.000997
-0.017495
-0.010929
-0.013145
-0.024609
-0.023577
-0.006410
0.011568
0.033181
0.046564
0.030532
0.010338
-0.006350
-0.024355
-0.029402
-0.030230
-0.019735
0.016636
0.012708
-0.020736
-0.023958
-0.014349
0.002342
0.000331
-0.009109
0.003537
0.008276
0.000475
0.004959
-0.001788
-0.016595
-0.011393
-0.003282
-0.020725
-0.027203
-0.011849
-0.010117
-0.013265
-0.018336
-0.017491
-0.017610
-0.018238
-0.005600
-0.006714
0.011888
0.028610
0.009202
-0.001005
0.008219
0.009239
-0.006467
-0.001820
0.024427
0.023168
0.009425
0.012600
0.025252
0.015819
0.009491
0.016374
0.008147
0.008327
0.010832
0.004774
0.016871
0.018202
-0.003513
-0.005176
-0.000612
0.021276
0.036184
0.004205
0.001229
0.022988
0.018194
0.000478
-0.011302
-0.008692
-0.008447
-0.005322
-0.005198
-0.007491
-0.001370
0.005417
0.007491
0.010036
-0.004588
-0.007138
-0.000954
0.000220
0.009550
-0.004144
-0.024851
-0.023013
0.009523
0.013451
-0.003377
0.009794
0.030155
0.011515
-0.005606
-0.001206
-0.002907
-0.005176
-0.006625
-0.008170
-0.009202
-0.005057
-0.015510
-0.017455
-0.008131
-0.019160
-0.020480
-0.019355
-0.011037
0.005550
0.005610
-0.003853
-0.000099
0.010044
0.001588
-0.010025
0.007451
0.026371
0.011529
0.016263
0.019492
0.001021
0.002821
0.004826
0.004692
0.004725
-0.010500
0.004222
0.017972
-0.003383
0.007923
0.026838
0.019911
0.014460
0.015159
0.006871
-0.000967
-0.010215
-0.014932
0.009484
0.035591
0.010837
-0.004686
0.010553
0.011327
-0.002769
-0.003002
0.000155
-0.019762
-0.012391
0.001075
-0.000647
0.006277
-0.006017
-0.032893
-0.020075
-0.018991
-0.039573
-0.019628
-0.010722
-0.055689
-0.059810
-0.022548
-0.028452
-0.042893
-0.026641
-0.030862
-0.032689
-0.020757
-0.023870
-0.025590
-0.031416
-0.018350
-0.000637
-0.001257
0.003239
0.003380
0.013317
0.022895
-0.007913
-0.022187
0.009704
0.033466
0.030417
0.024106
0.028112
0.039741
0.040212
0.022626
0.015126
0.018604
0.003651
0.002043
0.016411
0.006466
0.001975
0.011286
0.025024
0.024945
0.006071
0.004088
-0.001598
-0.006054
0.022330
0.036748
0.022129
0.018395
0.015907
0.008592
0.000831
-0.007307
-0.016769
-0.024522
-0.021440
0.006833
0.030462
0.025291
0.009172
0.016087
0.030605
0.017210
0.015419
0.006738
-0.014256
-0.011574
-0.004181
-0.000923
-0.009899
-0.006130
0.000522
-0.007675
-0.002580
0.000403
-0.007848
-0.006385
-0.003425
0.017009
0.021920
-0.001484
0.001376
0.008531
-0.001563
-0.006140
-0.005947
-0.013273
-0.023106
-0.022221
-0.008408
-0.014914
-0.036589
-0.024392
-0.003113
-0.004382
0.003891
0.031438
0.023629
-0.007571
0.000250
0.008158
-0.007845
-0.011687
0.005547
0.008331
0.000643
-0.004583
-0.013421
-0.022980
-0.012954
-0.006375
-0.013642
-0.007094
-0.005393
-0.021785
-0.012718
-0.000623
-0.016016
-0.021733
-0.007034
0.007025
-0.002101
0.000142
0.017063
-0.002825
-0.025942
-0.014532
-0.017030
-0.027204
-0.030143
-0.030880
-0.024764
-0.018298
-0.002868
0.009987
0.010462
0.002470
0.004483
0.019497
0.021803
-0.004518
-0.023649
-0.000814
0.018405
0.010400
0.003365
0.010848
0.015633
0.001363
0.001854
0.012195
0.018984
0.002851
0.002480
0.022760
0.015399
0.015192
0.018988
0.015576
0.026742
0.026787
0.014731
0.010297
0.008466
0.005419
0.006405
0.007336
0.010896
0.007329
-0.003457
0.006335
0.009921
0.001962
0.007145
0.004363
-0.009069
-0.005594
0.010126
0.024248
0.022453
0.017766
0.027328
0.018020
-0.001674
-0.002947
-0.007261
-0.008288
-0.011386
-0.005925
0.006274
0.006390
0.008946
0.009654
-0.000521
-0.001953
-0.007781
-0.018100
-0.000577
0.006606
-0.014683
-0.011569
0.000794
-0.006705
-0.007542
0.000805
-0.011517
-0.013904
0.001363
-0.003254
-0.002685
0.011135
0.002797
-0.004327
0.004866
-0.002965
0.004269
0.016733
-0.001448
-0.002838
0.004136
0.003125
0.000307
-0.009449
-0.018149
-0.017948
-0.010723
-0.009089
-0.013531
-0.014481
-0.006574
0.002018
0.000322
-0.008013
-0.008166
-0.009893
-0.017033
-0.019619
-0.007962
-0.006091
-0.007333
0.004365
-0.002728
-0.010921
-0.005040
-0.011936
-0.028459
-0.036876
-0.018702
-0.010398
-0.024829
-0.027508
-0.016421
-0.007612
-0.009342
-0.002471
0.006489
0.007360
0.000733
-0.004213
0.010943
0.021645
0.010285
0.005184
0.016170
0.030247
0.030916
0.027200
0.016725
0.002664
0.003994
0.007184
0.005694
0.006031
-0.001994
-0.000879
0.001156
0.001496
-0.003201
-0.005246
-0.005721
0.001186
0.011690
0.012334
0.009906
0.004447
-0.001400
0.000781
0.009428
0.011556
0.024972
0.028800
-0.000744
-0.010823
-0.004673
-0.007587
-0.012353
-0.019288
-0.021281
-0.014178
-0.004401
-0.000544
-0.010473
-0.012879
-0.004033
0.012818
0.029896
0.023034
0.020783
0.030518
0.022017
0.024170
0.030316
0.016854
0.007230
0.004211
-0.001476
0.009254
0.016486
0.010703
0.006345
-0.000061
-0.014083
-0.012897
0.001198
-0.010620
-0.021957
-0.005192
0.000453
-0.008638
0.004672
0.011972
0.012204
0.003442
-0.011048
-0.000342
0.008182
-0.008780
-0.013490
-0.010958
-0.020655
-0.015099
-0.017101
-0.021308
-0.001229
0.001461
-0.001145
0.004867
0.004298
0.010671
0.007942
0.001594
-0.000007
0.002724
-0.001756
-0.011918
-0.012369
-0.026724
-0.031264
-0.021373
-0.020127
-0.012927
-0.009286
-0.007505
0.001554
0.013110
0.008267
0.004775
0.016175
0.017623
0.009803
0.008634
0.008230
-0.002133
-0.006418
-0.010624
-0.023710
-0.027549
-0.024404
-0.026077
-0.023493
-0.016669
-0.009556
-0.004098
-0.013290
-0.018039
-0.006460
0.002821
0.000739
-0.019678
-0.017387
0.008403
0.015570
0.006242
-0.000197
-0.000573
0.018906
0.026953
0.012572
0.004476
0.008425
0.017476
0.018326
0.014324
0.017010
0.022083
0.017822
0.011502
0.017958
0.017441
0.008357
0.007350
0.000819
0.011799
0.016559
0.004414
0.001065
0.002596
0.005458
0.009596
0.008471
-0.000979
-0.000580
0.008464
0.018783
0.014478
-0.007051
-0.011935
-0.010948
-0.002977
-0.000531
-0.018280
-0.011619
-0.008460
-0.013561
-0.005486
-0.001823
-0.008202
-0.019648
-0.021090
-0.002093
0.004954
-0.007813
-0.009012
0.008532
0.007759
0.005489
0.005137
-0.005779
-0.004960
0.002790
0.008655
0.009681
0.003025
-0.001117
0.002729
0.004917
0.002060
-0.003615
-0.011444
-0.009814
-0.005978
0.001919
0.009645
0.013216
0.020968
0.016595
0.005270
0.002694
0.008919
-0.000006
-0.013050
-0.009824
-0.011616
-0.004704
-0.000239
-0.003668
-0.010194
-0.004804
0.004575
-0.003673
-0.001536
-0.000307
-0.004797
0.006733
-0.000053
-0.006184
0.004708
0.001898
0.004315
0.005416
-0.010760
-0.020076
-0.017606
-0.011440
-0.019006
-0.027727
-0.016898
-0.010254
-0.019764
-0.025782
-0.027700
-0.023543
-0.022539
-0.020651
-0.005756
0.000410
-0.003206
-0.003814
0.001017
0.009792
0.014705
0.005864
0.006126
0.019878
0.023051
0.016287
0.016641
0.019403
0.014615
0.016022
0.021722
0.018679
0.019348
0.025735
0.015143
0.004928
0.002105
0.006562
0.004938
-0.015170
-0.017950
0.000297
0.007449
0.001233
0.005170
0.007033
-0.001872
0.001046
0.014043
0.017316
0.016806
0.005139
0.000892
0.018526
0.017690
0.010125
0.001868
-0.003533
0.006392
0.001015
-0.000490
-0.003381
-0.002947
0.002881
0.000785
0.011406
0.004901
-0.007900
0.005965
0.008563
-0.003969
-0.005401
-0.003943
0.001646
0.004885
0.001530
-0.000988
0.001124
-0.002608
-0.015603
-0.021608
-0.018413
-0.014999
-0.018024
-0.019229
-0.011313
-0.006802
-0.002288
-0.005789
0.006185
0.013085
0.002451
0.011890
0.014379
0.002332
0.005512
0.014224
0.008234
-0.006879
-0.003880
-0.002301
-0.009277
-0.002073
-0.006723
-0.012810
-0.012613
-0.016105
-0.002392
-0.000659
-0.012379
-0.002661
0.009590
0.011206
0.008971
0.011293
0.013910
-0.001169
-0.011727
0.002853
0.017503
0.015415
-0.001259
-0.005118
-0.001659
-0.005582
0.000129
0.004175
-0.007948
-0.015275
-0.012071
-0.004939
-0.006702
-0.011590
0.001911
0.009763
0.005927
0.007950
0.014539
0.003739
-0.007470
-0.002346
-0.011813
-0.012141
0.001437
0.007419
0.004903
-0.003444
-0.011820
-0.012937
-0.018314
-0.028905
-0.013708
-0.002964
-0.012493
-0.006815
0.015884
0.018793
0.009312
0.002279
0.001559
0.009806
0.017982
0.019496
0.003755
-0.000550
0.008479
0.007035
0.003671
-0.003451
-0.004076
0.000524
-0.010285
-0.009165
0.001094
-0.001927
-0.005851
-0.009126
-0.008600
-0.005004
-0.012128
-0.011823
-0.002146
0.001131
0.005707
0.006967
-0.001164
-0.003872
-0.006483
-0.007470
-0.003317
-0.010596
-0.019005
-0.010696
-0.000706
-0.001622
0.001669
0.006872
0.008034
0.009877
0.008039
0.007596
-0.000482
-0.003632
0.003318
0.004939
0.008288
0.006592
0.001381
-0.004486
-0.003369
0.004108
0.005652
0.007552
0.000060
-0.001726
0.005571
0.005201
0.007671
0.007613
-0.001192
0.003079
0.014860
0.015436
0.009007
0.007028
0.008187
0.002708
0.011866
0.020671
0.011720
0.006985
0.003059
0.009564
0.018409
0.011722
0.000032
-0.008844
-0.004222
0.006716
0.005003
0.003707
0.003154
-0.000386
-0.008778
-0.009792
-0.008095
-0.011970
-0.008737
-0.004688
-0.002532
0.004781
0.000833
-0.002495
-0.014006
-0.018580
-0.007825
-0.016598
-0.023202
-0.015929
-0.018305
-0.007365
0.009357
-0.004162
-0.013581
-0.005292
-0.000004
0.007277
0.010357
0.011287
0.010997
0.011326
0.014007
0.007915
0.001954
-0.003041
-0.001476
-0.006274
-0.004951
0.006219
0.003837
0.004296
0.006077
-0.004938
-0.012854
-0.002461
0.004453
-0.008652
-0.007556
-0.005030
-0.014240
-0.010713
-0.006561
-0.009704
-0.005967
0.004967
0.012434
0.018612
0.024690
0.011988
0.007182
0.011862
0.000557
-0.004536
0.001010
0.002175
0.008746
0.005478
-0.008602
-0.007125
-0.007673
-0.009460
-0.005253
-0.012572
-0.011093
-0.002655
-0.007408
-0.014363
-0.012286
-0.013179
-0.013389
-0.008760
-0.015863
-0.006629
0.001453
-0.005724
-0.005706
-0.001685
0.005085
0.000932
-0.013553
-0.014731
0.001292
0.009552
-0.010423
-0.022509
-0.006863
-0.000876
-0.002020
0.004271
0.001149
-0.004249
-0.006461
-0.005457
-0.007308
-0.017446
-0.013693
-0.006771
-0.015708
-0.014213
0.000577
0.010996
0.022964
0.031535
0.019656
0.010857
0.013000
0.016098
0.014896
0.011620
0.016547
0.013735
0.003698
0.003898
0.004659
-0.004574
-0.011386
0.002934
0.011734
0.007700
0.010374
0.022494
0.023626
0.001468
0.013981
0.035859
0.028066
0.024765
0.025048
0.031130
0.031174
0.020429
0.012010
0.005949
0.001685
-0.008852
-0.007154
-0.001825
-0.005903
-0.004838
-0.005255
-0.010909
-0.012921
-0.010430
-0.017650
-0.019631
-0.005952
-0.000586
-0.017637
-0.014078
-0.007575
-0.024584
-0.018935
-0.004325
-0.006774
-0.001543
0.004411
-0.000384
0.007188
-0.000114
-0.014076
-0.014391
-0.024404
-0.023280
-0.009253
-0.007642
-0.009434
-0.006699
-0.005678
-0.005563
-0.003458
0.004158
0.013947
0.007365
0.005029
0.013644
0.007831
0.001880
0.001167
0.004826
0.007303
-0.000200
0.000595
-0.003140
-0.003329
0.009766
0.006289
-0.001571
0.004958
0.006756
-0.000793
-0.003285
-0.002779
-0.003807
-0.016988
-0.014200
0.000695
-0.003442
-0.006529
0.003379
0.001785
0.004444
0.009887
0.008680
0.006081
0.002187
0.003317
0.011807
0.015754
0.004880
-0.008887
-0.003226
0.000175
0.002587
0.012181
-0.002452
-0.001547
0.014041
0.006548
0.005992
0.009541
0.001038
-0.005393
0.001775
0.004072
-0.005849
0.007325
0.018035
0.008113
0.009396
0.002577
-0.001702
-0.004558
-0.016286
-0.017620
-0.013146
-0.012681
-0.015518
-0.012015
-0.004477
0.003869
-0.003636
-0.010737
-0.010819
-0.012168
-0.004954
-0.006692
-0.005496
-0.008950
-0.003814
-0.000104
-0.010899
-0.014944
-0.013342
-0.006557
0.000209
-0.002280
-0.006724
-0.005183
-0.004144
-0.005634
-0.002589
0.002839
0.004031
0.006917
0.012992
0.009208
0.001084
0.001804
-0.000731
0.002171
0.006813
0.003997
0.009365
0.015494
0.013771
0.006564
-0.001839
0.000852
0.001654
0.004324
0.004753
0.002539
0.008721
0.009123
0.007463
0.008745
0.011082
0.007654
0.008851
0.013227
0.006913
0.012118
0.012046
0.003074
-0.001879
-0.005499
-0.003718
-0.002569
-0.002500
0.007859
0.004627
-0.016169
-0.014481
-0.003110
0.003546
0.002300
-0.002721
-0.001318
0.005740
0.010402
0.001582
-0.004415
-0.007081
-0.009333
-0.005090
0.004769
0.003213
0.001480
-0.003315
-0.008762
0.000692
-0.001444
-0.011655
-0.005925
-0.003267
-0.010473
-0.007034
0.000239
-0.000758
-0.009638
-0.009801
0.000564
0.003754
0.002478
-0.003846
-0.009437
-0.010667
-0.014773
-0.013425
-0.008428
-0.009561
0.004261
0.007458
-0.006118
0.001835
0.007795
0.009536
0.008937
0.003451
0.000701
-0.002480
-0.001522
-0.002023
-0.003784
0.003726
0.006406
0.003944
0.008871
0.016644
0.024190
0.013602
0.005370
0.008977
0.007935
0.008622
0.013665
0.006480
-0.004565
0.000027
0.002967
0.002689
-0.007674
-0.016532
-0.000509
0.011818
-0.000036
-0.000377
0.007965
-0.004970
-0.014154
0.003867
0.004837
-0.006335
-0.010455
-0.018085
-0.007587
0.001784
0.002707
-0.003569
-0.004874
-0.004485
-0.004550
0.006849
0.003967
0.006287
0.014761
0.007254
0.001375
-0.001674
-0.001128
-0.000130
-0.000965
0.000791
0.000253
-0.000182
-0.010164
-0.017170
-0.005215
0.003561
0.001236
0.001754
0.007697
0.018239
0.030960
0.022530
0.005975
0.014003
0.014927
0.004877
0.010670
0.012298
-0.003914
-0.007265
-0.002237
-0.006446
-0.012374
-0.019642
-0.021009
-0.014539
-0.003423
-0.002715
-0.010272
-0.014778
-0.008955
-0.001929
-0.018585
-0.019140
-0.002773
-0.002607
-0.005168
-0.017258
-0.020141
-0.006565
-0.018405
-0.029897
-0.015649
-0.017626
-0.019391
-0.010046
-0.001226
-0.003749
0.002055
-0.001791
-0.003748
0.011289
0.008063
-0.003362
-0.002377
0.024066
0.024350
0.010597
0.016282
0.015783
0.017310
0.014290
0.004283
-0.004612
0.001791
0.012064
-0.006498
-0.012501
-0.005779
-0.003117
0.002539
-0.001893
-0.004866
-0.003038
-0.000793
0.005617
0.014516
0.011706
-0.005757
-0.000696
0.005020
0.004538
0.014791
0.013969
0.004476
-0.006933
-0.001136
0.021409
0.015022
-0.003486
-0.001198
0.001755
0.002660
0.007457
0.010598
0.005259
-0.008653
-0.007728
-0.001133
0.007204
0.004101
-0.017468
0.001835
0.014878
-0.000667
0.004371
0.014409
0.003953
0.000297
0.004233
0.001629
-0.001497
-0.015292
-0.019852
-0.013538
-0.014620
-0.010426
-0.003693
-0.004058
-0.004175
-0.001337
-0.004682
-0.006975
-0.000537
-0.000794
0.008408
0.001388
-0.006397
0.001346
-0.003383
-0.004873
0.001466
0.002481
-0.007749
-0.008488
0.008779
0.016878
-0.000752
-0.009412
0.004100
0.006409
0.007363
0.011363
-0.005884
-0.016194
-0.003826
0.013176
0.009494
-0.006949
-0.005924
0.001233
0.005928
-0.001083
-0.010094
-0.002599
0.009734
0.001710
-0.011853
0.005469
0.008897
-0.010538
-0.005863
0.000319
0.008832
0.012648
0.005410
0.005079
0.005849
0.006432
0.000304
-0.000463
0.012243
0.004476
-0.004622
-0.003801
-0.006077
-0.011731
-0.011432
0.003487
0.000421
-0.013351
0.004021
0.017881
0.001246
-0.003769
-0.002170
-0.006419
0.005459
0.013946
0.008386
0.006778
0.003463
0.019107
0.027680
0.005054
-0.014675
-0.005055
0.016362
0.009298
-0.011333
0.010643
0.011081
-0.015179
0.001508
0.012280
0.015291
-0.007807
-0.009996
0.018126
-0.003942
-0.011494
-0.000439
-0.002232
-0.006343
-0.020358
-0.012749
0.014883
0.010808
-0.005026
-0.008553
-0.015838
-0.016356
-0.006659
-0.004101
-0.009765
0.016877
0.002510
-0.029900
0.002820
0.020662
0.007290
-0.012845
-0.015541
-0.003729
-0.008941
-0.001658
-0.006881
-0.002937
-0.012661
-0.040560
-0.021075
-0.004823
-0.007510
0.000091
-0.018207
-0.015595
0.016796
0.002027
0.000471
0.011085
-0.012048
-0.023096
-0.015397
0.004523
0.016748
0.009543
-0.002720
-0.006800
0.005877
0.021737
0.008068
-0.010723
-0.003424
0.016822
0.024324
0.000455
-0.019422
-0.001628
0.016534
-0.007022
-0.013754
0.009607
0.016106
-0.012065
-0.019882
0.008176
0.007410
-0.009283
-0.022366
0.006119
0.015913
-0.016786
0.002561
0.024301
0.000952
-0.005838
0.004241
0.002826
0.020146
0.019258
-0.008807
-0.006744
0.019648
0.026442
0.008357
0.003702
0.007565
0.000810
0.005958
0.007311
0.006512
0.020153
0.002538
-0.006103
0.013206
0.006667
0.002157
-0.015008
-0.001077
0.031230
0.019240
0.012179
0.002803
-0.002473
0.017219
0.020457
0.005333
0.003145
0.000706
-0.005664
0.011279
0.017489
-0.004981
-0.026865
-0.024659
-0.004590
-0.010160
-0.026655
0.005892
0.019699
-0.001796
0.001089
0.025251
0.019902
-0.003432
-0.013212
-0.022689
-0.009157
-0.003116
-0.001385
-0.001819
-0.015900
-0.012009
-0.019399
-0.026940
-0.008368
-0.014082
-0.020580
-0.004995
0.003425
-0.005732
-0.007117
-0.005613
-0.015921
-0.012090
0.001186
0.008535
-0.015736
-0.011747
0.002573
-0.004031
-0.001586
-0.009332
-0.003730
0.004027
0.005138
0.013054
0.002068
-0.013517
-0.013569
-0.005982
0.003127
0.017215
0.009672
-0.004571
-0.004062
0.004162
0.007687
0.000709
0.000328
0.006952
0.020511
0.019959
-0.004522
-0.002072
0.005626
-0.010356
-0.011157
0.006500
0.031307
0.025277
-0.005372
-0.019204
-0.006417
0.006251
-0.009262
-0.017421
-0.001145
0.005991
-0.001454
0.003601
-0.003198
-0.007119
-0.002663
-0.011565
-0.004265
-0.006803
-0.013449
-0.002366
-0.008517
0.002039
0.016737
0.009884
0.005556
0.006382
0.014500
0.003066
-0.010250
-0.006228
0.001395
0.007948
0.005397
0.004720
-0.001149
-0.006101
-0.003892
0.003554
0.001052
-0.011864
0.000506
0.002583
-0.011199
0.000582
0.010557
0.003702
0.005830
0.011481
0.014223
0.003639
-0.003189
0.001556
0.007145
0.009135
-0.008983
-0.003569
0.021605
0.003730
-0.013176
0.007761
0.003569
-0.011545
-0.005263
-0.004217
-0.006210
-0.005699
0.003718
-0.006209
-0.009248
0.007918
0.011135
0.009473
-0.001093
-0.003452
0.011835
0.006568
-0.000564
0.005165
0.007492
-0.001026
-0.015770
0.008091
0.018436
-0.002882
-0.009759
-0.004428
0.006482
0.003714
-0.002905
0.000829
-0.002194
0.003538
0.014126
0.008758
-0.001805
0.001994
0.015818
0.017774
0.009984
0.001500
-0.008475
0.002684
0.007630
-0.000579
0.004028
-0.000825
-0.008438
0.000163
0.006598
0.008037
0.001362
-0.008979
-0.003312
0.002316
-0.001951
-0.004837
-0.005082
-0.005781
-0.007760
-0.007092
-0.003786
-0.005649
-0.016433
-0.026679
-0.017817
-0.014040
-0.015275
-0.007437
0.001608
0.001599
0.001793
0.004255
0.001250
0.004267
0.011010
0.011395
0.000170
0.004731
0.013111
-0.008866
-0.006931
0.012253
0.004220
-0.007594
0.001421
-0.000172
-0.013366
-0.007060
-0.001385
-0.004232
-0.000241
-0.001520
-0.010614
-0.004409
0.007063
0.009739
0.003649
-0.001661
0.003646
0.003854
-0.000452
0.006535
0.002559
-0.009524
-0.008994
0.002358
0.007004
-0.000224
0.005929
0.004914
-0.006600
-0.003470
0.004749
-0.004105
-0.016659
-0.009194
-0.005922
-0.008435
-0.005351
-0.002773
-0.004705
-0.009611
-0.004221
0.001045
-0.007597
-0.007066
0.001051
-0.004740
-0.005489
0.001737
-0.015070
-0.018048
0.002243
-0.000288
-0.003315
0.008292
0.007170
-0.001758
0.002269
0.014131
0.015895
0.003120
0.002445
0.010795
0.005525
0.020041
0.018806
-0.001426
0.003361
-0.000716
-0.001861
0.010161
0.005272
-0.000064
-0.004976
-0.002612
0.012441
0.003091
0.003967
0.012134
0.010554
0.012436
0.001294
-0.001981
0.005836
-0.002014
-0.004643
-0.000848
0.004181
0.000095
-0.004028
0.010734
0.003480
-0.012625
-0.011638
-0.009392
-0.002586
0.003369
-0.006181
-0.008418
-0.004452
-0.002594
0.004426
0.005979
0.001988
0.002574
0.001205
0.010960
0.005935
-0.009930
-0.000330
-0.001401
-0.001937
0.006392
0.010312
0.006025
-0.006437
0.000826
0.003983
-0.000803
0.001924
-0.005027
-0.007283
0.002073
0.001498
-0.012256
-0.009838
-0.000873
-0.009479
-0.015534
-0.002851
0.000321
-0.014639
-0.011495
0.014537
0.008332
-0.008108
0.003569
0.001386
0.002183
0.015121
0.019036
0.014490
0.008001
0.009077
0.006334
0.005498
0.013661
0.007940
0.002218
0.003645
0.001201
0.004786
0.001639
0.001082
-0.005019
-0.008633
0.012380
0.008818
-0.010224
-0.000594
-0.001322
-0.006459
-0.001384
0.002945
0.005372
-0.002500
-0.008833
-0.008686
-0.004962
0.000913
-0.003795
-0.013378
-0.002066
0.002164
-0.009056
-0.006897
-0.002436
-0.000250
-0.006879
-0.008441
-0.004539
-0.004720
-0.002938
-0.007373
-0.004322
-0.004118
-0.005440
-0.008001
-0.014475
-0.004308
0.000704
-0.005219
-0.010216
-0.012361
-0.004004
0.001164
-0.005555
-0.007569
-0.004049
-0.002507
-0.001957
-0.002745
-0.007127
-0.003295
-0.006864
-0.012150
0.003827
0.000316
-0.008941
-0.004302
-0.005064
-0.003746
0.000443
-0.001510
-0.000353
-0.001260
-0.002520
0.008078
0.015185
0.005630
-0.003926
-0.002918
0.002393
0.007076
0.004684
0.012430
0.013935
0.003601
0.004201
0.003558
0.002380
0.004750
0.001351
0.004324
0.009730
0.004746
-0.001263
0.006331
0.010476
0.002941
0.000110
0.006470
0.012017
0.010227
0.008898
0.006150
0.000258
0.000555
0.008095
0.008977
0.007762
0.010089
-0.003496
-0.005308
0.008967
0.010105
0.000967
-0.008165
-0.011191
-0.006055
0.001037
0.001347
0.002191
0.000954
0.004306
0.013727
0.003672
-0.001256
0.003335
-0.001046
-0.002286
-0.006738
-0.005726
0.001502
0.004918
-0.005439
-0.014176
-0.003501
-0.002301
-0.002739
-0.005063
-0.005470
0.004969
0.006718
0.004066
0.002791
-0.001139
-0.000453
0.007464
0.013781
0.008076
-0.002564
0.002256
0.008249
0.002005
-0.005481
-0.003526
0.000227
0.002751
0.000981
-0.005532
-0.004973
0.000202
0.005539
0.006696
0.003254
0.002622
-0.005132
-0.001894
0.010757
0.009941
-0.000106
-0.003433
0.004861
0.008671
0.002027
-0.009254
-0.007656
-0.006752
-0.007463
-0.008203
-0.016111
-0.018941
-0.014955
-0.009772
-0.011000
-0.011621
-0.004936
-0.013028
-0.013596
0.003118
0.001907
-0.003064
-0.010167
-0.012337
-0.007434
-0.005565
0.003997
0.009477
-0.004057
-0.007422
-0.006394
-0.001710
0.002364
-0.004804
-0.004755
0.000067
-0.000281
-0.000663
-0.000733
0.000672
0.005401
0.001338
0.002908
0.002516
0.009023
0.013573
0.003717
0.010904
0.014889
0.006545
-0.001896
0.000496
0.003667
0.004100
0.004796
0.002246
0.003784
0.002285
-0.002213
0.001393
0.002985
-0.002985
-0.004004
0.005422
0.013194
0.004882
-0.003477
-0.001430
0.000383
0.004734
0.006674
-0.000191
-0.005036
-0.007264
-0.002098
0.000360
-0.009876
-0.005049
0.000019
-0.000476
0.007182
0.002305
-0.002898
-0.002524
0.002582
0.011389
0.010766
0.009193
0.001268
-0.003063
0.001218
-0.002120
-0.003551
0.000586
-0.008075
-0.007357
0.005526
0.010533
0.003665
-0.003101
-0.003857
-0.001824
0.000681
0.002127
0.003784
0.001632
-0.001294
0.000808
-0.002828
-0.005531
-0.001360
-0.000457
0.001772
0.007327
0.007915
0.005540
0.009792
0.018184
0.013226
0.004163
0.006415
0.002816
-0.004608
0.003320
0.008419
0.003971
0.000589
-0.003362
-0.004890
-0.000454
-0.009869
-0.010819
0.001340
0.000188
0.000441
0.004540
0.000703
-0.002733
-0.001078
-0.008968
-0.005255
0.001116
-0.008636
-0.009420
-0.002794
-0.004185
-0.003089
0.005260
0.002647
-0.005884
-0.002335
0.001204
-0.000839
-0.007358
-0.014661
-0.013493
-0.012465
-0.011644
-0.003834
-0.009114
-0.012604
-0.007363
-0.005372
-0.002253
-0.004154
-0.011263
-0.004062
0.008665
0.011905
0.004697
-0.002152
0.001605
0.001609
-0.001277
-0.004666
-0.003756
0.000214
0.000054
0.006190
0.007566
0.002058
-0.001839
-0.005213
-0.003762
0.000798
0.006605
0.007119
0.000158
0.001711
0.002847
0.004757
0.008964
0.002677
-0.008613
-0.004003
0.006569
0.008400
0.005847
0.002999
-0.001615
0.003755
-0.002873
-0.007752
-0.000674
-0.003999
-0.000123
0.005662
0.002524
0.000501
-0.000596
-0.000381
0.001576
0.005526
0.002159
0.006261
0.002265
-0.004840
-0.000721
-0.002519
0.000088
0.007876
0.006159
0.005559
0.006532
0.001748
-0.007073
-0.010592
0.001295
-0.000505
-0.008584
0.004259
0.001361
-0.003184
0.002947
-0.002631
0.002532
0.009331
0.001763
-0.001254
0.005019
0.005899
0.005598
0.007045
-0.000751
-0.006071
0.001348
0.012763
0.010899
0.003547
0.006222
-0.001479
-0.004280
0.001243
-0.004754
-0.007841
-0.008932
-0.001685
0.001134
-0.002378
0.002484
0.002136
0.002688
0.001555
0.001223
-0.002513
-0.002862
-0.002146
0.000495
-0.000638
-0.007404
-0.004936
0.001243
0.003678
0.004636
0.003703
0.001130
0.000911
-0.000262
-0.003870
0.001674
0.000440
-0.007400
-0.007433
0.001735
0.005673
-0.009926
-0.013854
0.002077
0.000911
-0.008183
-0.006877
-0.007411
-0.007111
-0.001011
0.001695
-0.000950
-0.004614
0.000535
0.005590
0.007314
0.008602
0.005966
0.002976
0.006131
0.010400
0.001783
-0.000569
0.001191
-0.002480
0.000806
-0.003482
-0.008839
-0.007079
-0.007008
-0.001824
0.000138
-0.005882
-0.006741
-0.003715
0.002587
0.006950
0.001837
-0.003942
-0.001839
0.001485
0.004678
0.005493
-0.004870
-0.010517
-0.001387
0.002286
0.001232
-0.005077
-0.005286
0.002924
0.002963
-0.001631
0.000311
-0.003142
-0.002754
0.008805
0.005719
0.000495
-0.000934
-0.000714
-0.001386
-0.004533
0.001082
0.006787
0.004006
0.004662
-0.000067
0.001658
0.008131
0.001582
-0.000630
0.000152
-0.001482
0.005046
0.003866
-0.000140
0.004520
0.004429
0.002521
0.002930
0.001952
-0.002550
-0.004046
0.000948
0.002919
0.002032
0.002734
0.001255
0.004138
0.001943
-0.001022
0.001242
-0.003035
-0.001463
-0.001325
-0.001945
-0.002530
-0.001025
0.000055
-0.001638
-0.004472
-0.004809
0.003272
-0.002366
-0.002106
0.001104
-0.003228
0.002280
-0.000056
-0.003659
0.001457
0.000723
-0.003522
-0.004078
-0.001796
0.002140
0.000314
-0.001786
0.003904
0.003727
-0.005242
-0.002450
0.007095
0.003054
-0.001688
-0.002409
-0.002141
0.000794
0.002166
-0.001220
-0.002892
0.000946
0.002313
0.004004
0.004030
0.002368
0.003883
0.002029
0.003425
0.004502
-0.000854
0.000260
0.002833
0.002310
0.002244
0.000889
-0.001324
-0.002096
-0.002154
-0.002782
-0.002845
-0.000046
0.000447
-0.001136
0.000071
-0.001194
-0.001803
0.000182
-0.001279
-0.001714
0.000218
0.001397
-0.000145
-0.002735
-0.002649
-0.001575
-0.001288
-0.000633
-0.002555
-0.005023
-0.005492
-0.005403
-0.004249
-0.003670
-0.003981
-0.003426
-0.002850
-0.001333
0.000180
-0.000475
-0.001487
-0.000566
0.001887
-0.000394
-0.002263
-0.002006
-0.001273
0.002201
0.000986
-0.001447
0.000478
0.000067
-0.000544
0.001646
0.001650
0.000088
0.000885
0.002037
0.002384
-0.000025
-0.000691
0.000295
-0.000865
-0.000370
0.001635
0.001441
0.001186
0.001699
0.002185
0.001437
0.002003
0.001826
0.000732
0.001882
0.002413
0.003077
0.003416
0.001044
0.000779
0.002430
0.002135
0.000888
0.000145
0.001140
0.000071
-0.000242
0.001201
0.000526
0.000215
0.000063
0.001453
0.001322
-0.000223
0.001289
0.002153
0.000349
0.000417
0.000511
0.000245
0.000147
-0.000413
-0.000362
-0.000426
-0.000821
-0.002087
-0.002136
-0.000275
0.000152
-0.000794
-0.000773
-0.000590
-0.000833
-0.000317
-0.000185
-0.001183
-0.000559
-0.000120
-0.001113
-0.000357
0.000502
-0.000066
-0.000085
-0.000392
-0.000271
0.000133
-0.000686
-0.000936
-0.000440
-0.000445
-0.000413
-0.000293
-0.000671
-0.000209
0.000078
0.000053
0.000350
-0.000172
-0.000359
-0.000177
-0.000143
0.000123
-0.000121
-0.000300
-0.000453
-0.000255
0.000159
-0.000050
-0.000431
-0.000360
-0.000097
0.000018
0.000190
0.000216
0.000001
-0.000018
0.000097
0.000379
0.000244
0.000108
0.000173
0.000008
-0.000140
0.000061
0.000108
-0.000009
0.000006
-0.000085
-0.000063
0.000048
0.000014
-0.000101
-0.000063
0.000094
0.000094
0.000057
-0.000026
-0.000029
0.000009
0.000091
0.000047
-0.000025
0.000014
0.000059
0.000049
0.000045
0.000014
-0.000009
0.000017
0.000010
-0.000035
0.000016
0.000024
-0.000012
-0.000014
-0.000011
-0.000019
0.000010
0.000003
-0.000005
0.000002
0.000011
-0.000005
0.000002
0.000001
0.000004
-0.000003
0.000001
-0.000003
0.000002
