#5/31/15 13:2:33.0 UTC Samples: 9100 dt: 0.01
0.000035
0.000014
0.000039
0.000018
0.000042
0.000020
0.000043
0.000024
0.000047
0.000026
0.000051
0.000033
0.000057
0.000026
0.000055
0.000027
0.000034
0.000027
0.000090
0.000047
0.000058
0.000016
0.000057
0.000082
0.000081
0.000031
0.000049
0.000010
0.000026
0.000005
0.000083
0.000056
-0.000002
0.000009
0.000042
0.000039
0.000151
0.000191
0.000140
0.000014
0.000024
0.000073
0.000080
-0.000059
0.000040
0.000088
0.000001
-0.000009
0.000131
0.000094
0.000009
-0.000191
-0.000125
0.000008
-0.000021
0.000094
0.000067
-0.000054
-0.000061
-0.000094
-0.000062
-0.000024
0.000271
-0.000173
-0.000452
-0.000009
0.000199
0.000293
0.000001
-0.000228
0.000035
-0.000263
-0.000051
-0.000076
-0.000016
0.000042
-0.000309
-0.000018
0.000213
0.000137
-0.000242
-0.000132
0.000379
0.000113
0.000130
-0.000037
0.000026
0.000025
-0.000600
0.000075
0.000658
0.000546
0.001188
0.000734
-0.000106
-0.000321
0.000483
0.000630
0.000075
0.000200
0.000831
0.000582
-0.000648
-0.000195
0.000347
-0.000761
-0.000046
0.000495
0.000612
0.000887
-0.000445
-0.000459
0.000769
-0.000488
0.000280
0.000776
0.000003
-0.000105
0.000395
0.000194
0.000113
-0.000010
0.000092
0.000322
-0.000607
-0.001102
-0.000947
-0.000483
-0.000861
0.000266
0.000923
-0.000683
-0.000536
0.000905
0.000928
0.001471
0.000880
-0.000388
-0.000025
0.000795
0.001052
0.000534
-0.000239
-0.000151
0.000318
-0.000925
-0.000847
0.000550
-0.000433
-0.000796
0.000480
0.000312
0.000350
-0.000394
-0.000414
0.000536
0.000511
-0.001241
-0.000149
0.001435
-0.000521
0.000059
0.000010
-0.002004
0.001228
0.000359
-0.001549
-0.000281
-0.001267
0.000034
0.001622
0.001618
0.001570
-0.000272
-0.000451
-0.000277
0.000223
0.001066
0.000018
-0.001366
-0.000138
0.001632
-0.000076
0.000238
0.000749
0.000043
-0.000021
-0.000381
0.001261
-0.000492
-0.000157
0.001187
-0.000750
-0.000788
0.001266
-0.000790
-0.000391
0.000751
-0.000140
-0.000696
-0.000175
0.001075
-0.000054
0.000121
0.000979
-0.000549
-0.002290
-0.001250
-0.000190
-0.001183
0.001755
0.001855
0.000705
0.000837
0.001210
0.001087
0.000540
0.000627
-0.000709
0.003755
0.003975
0.000244
0.000755
-0.004959
-0.006037
-0.000307
0.004033
0.002749
-0.001609
-0.000641
-0.000945
-0.002339
-0.003486
-0.004240
-0.000019
0.000201
-0.003061
-0.003053
0.001318
0.003636
0.001504
-0.001149
0.000291
0.000835
0.003216
0.002913
0.002032
0.001780
-0.000221
0.000120
-0.001460
-0.001916
0.000903
-0.001110
-0.000505
0.001281
0.000617
0.001484
-0.002086
-0.005304
-0.003334
0.000635
0.001748
-0.000157
0.001231
0.004789
0.000481
-0.004374
-0.004235
0.001678
0.002104
-0.000625
-0.001990
-0.003643
-0.004331
-0.001534
-0.001544
-0.004412
-0.001933
0.002585
0.003011
0.003682
-0.000535
-0.003674
-0.000447
0.003020
0.001699
-0.002353
-0.000865
0.000378
-0.002428
-0.001319
0.004396
0.002766
-0.002569
-0.001862
-0.001399
-0.001512
0.000304
-0.003714
-0.004872
-0.003633
-0.002377
-0.000456
-0.001376
-0.003036
-0.004160
-0.004567
-0.002783
0.000912
0.002159
-0.002825
-0.002580
0.003103
0.001873
-0.002075
-0.000471
0.002097
0.000941
0.000429
0.001856
-0.000026
-0.002027
-0.000783
-0.000293
0.001661
0.000035
0.000753
0.002370
-0.000075
-0.000154
0.004974
0.005198
0.006014
0.001020
-0.003914
0.004081
0.007441
0.000135
0.000392
0.001734
-0.000146
0.003747
-0.000352
-0.005560
-0.000488
0.002345
0.004879
0.005630
0.000449
-0.000269
-0.000190
0.001054
0.000456
-0.002161
-0.003101
0.000374
0.002721
0.005672
0.005812
-0.001968
-0.000839
0.003539
-0.002733
-0.000100
0.005060
0.000171
-0.000048
0.002237
-0.001530
-0.004487
-0.000119
0.006120
0.000627
-0.000077
0.004610
-0.001826
0.002246
0.010105
0.001543
-0.000318
0.002890
-0.005385
-0.007804
0.001336
0.001717
-0.003793
-0.001539
-0.004755
0.001286
0.003959
-0.002866
0.003718
-0.000546
-0.005775
0.002752
-0.000159
-0.008723
-0.002447
0.003402
0.003612
0.000483
-0.003396
0.003068
0.003536
-0.000686
0.003004
0.007142
0.007638
0.006798
0.002921
-0.000043
-0.002505
0.006849
0.009088
-0.006998
-0.006368
-0.004047
-0.006173
-0.001692
-0.000740
-0.002772
-0.000981
-0.000201
0.000010
-0.004052
0.000828
0.003044
-0.000828
-0.002576
-0.003003
-0.000348
-0.001050
-0.004300
0.001257
0.004987
-0.003161
-0.001192
0.002540
-0.003947
-0.005771
-0.002136
-0.000528
-0.000350
-0.001088
-0.001515
-0.005723
-0.006450
0.000609
0.000178
0.003115
0.001364
-0.002938
0.006892
0.001547
-0.003274
0.001101
-0.001873
-0.003791
0.000272
0.000735
-0.000688
-0.001310
-0.001475
-0.000639
0.000665
-0.000314
-0.005138
-0.004731
-0.000297
-0.001211
0.000776
0.003595
0.000892
-0.000213
-0.000090
0.004894
0.003520
-0.000744
0.001495
0.003060
0.000227
-0.001260
-0.007962
-0.009322
-0.000547
0.008020
0.004736
-0.003412
-0.003680
-0.000983
-0.002113
-0.007363
-0.000487
0.003176
-0.000698
-0.001839
-0.002425
0.003352
-0.001020
-0.001638
0.007524
0.003141
0.002077
0.004594
0.001522
0.003319
-0.002000
-0.003524
0.005327
0.005230
-0.000189
-0.000460
-0.003154
-0.004868
0.001838
0.005015
0.001375
-0.001841
-0.000417
0.001974
0.000208
-0.004393
-0.003037
0.002194
0.005108
0.004905
-0.000491
-0.005199
-0.004470
-0.004025
-0.002091
0.001777
0.002815
-0.004383
-0.001896
0.009088
0.003013
0.000363
0.005787
-0.001466
0.000119
0.001931
-0.002209
-0.000007
0.002193
-0.002203
-0.003358
-0.004990
-0.005762
-0.001499
-0.000705
-0.000983
-0.002797
-0.006784
-0.002743
0.001207
0.000798
-0.000173
-0.001709
-0.001040
-0.006340
-0.011751
-0.003049
0.004891
-0.001594
-0.002841
-0.000251
-0.001001
0.001383
0.005426
0.005351
0.003006
-0.000282
0.001833
0.005333
0.002329
0.002597
0.009019
0.010269
0.003052
0.004783
0.006521
-0.002436
-0.004392
-0.002187
-0.003084
-0.001192
0.000193
-0.005208
-0.008203
0.000093
0.000420
0.000818
0.002113
0.000907
0.004037
-0.007174
-0.011320
0.001503
0.005615
-0.004685
0.000825
0.013280
0.002824
-0.004107
-0.000114
-0.004558
-0.003108
0.001686
-0.003083
0.001332
0.000461
-0.001396
0.002727
-0.004291
-0.000199
0.003398
-0.005245
-0.004447
0.000634
-0.002514
0.000829
-0.002664
-0.004375
0.005889
-0.000579
0.002968
0.013573
0.006832
-0.006209
-0.008842
0.002067
0.007490
0.004333
0.005299
0.002577
-0.000267
0.000781
-0.001389
-0.003777
0.002283
0.005511
-0.002089
-0.005513
-0.000896
-0.000440
0.004310
0.001047
-0.001922
0.004129
0.002317
-0.000030
-0.000476
0.000371
-0.002119
-0.001868
-0.001355
-0.002733
0.002850
0.003233
-0.000886
-0.003832
-0.008185
-0.006004
-0.001827
-0.000781
0.004280
0.004144
0.001481
0.000733
-0.006521
0.001589
0.003969
0.001320
0.004889
0.003910
0.007859
0.004272
-0.003452
0.000603
0.007702
0.005093
-0.000410
-0.002125
-0.002748
0.001154
0.001563
-0.000271
-0.001992
-0.001871
-0.000268
-0.002649
-0.003648
-0.008345
-0.007269
0.002273
0.002717
0.001869
0.005976
0.000567
-0.005356
0.001030
0.001609
-0.002241
-0.000765
-0.001994
-0.005417
-0.001559
0.000444
0.002898
0.002364
-0.005950
-0.000984
0.000706
0.001413
0.004124
-0.000063
-0.000680
-0.006735
-0.005147
0.003235
0.000169
-0.003511
-0.004406
-0.007142
0.002195
0.005312
0.000707
-0.001545
-0.001388
-0.003659
-0.001692
-0.002217
0.001584
0.005677
-0.004416
0.000790
0.005017
0.000928
0.000028
0.003425
0.003825
0.006180
0.014764
0.008102
-0.002337
0.006415
0.006615
-0.003123
0.001938
0.001486
-0.000160
0.002806
-0.002480
-0.007855
-0.004816
0.002868
0.000881
-0.000604
-0.000726
-0.005783
0.001850
0.004633
-0.000541
0.001325
0.002730
0.003429
-0.002817
-0.003305
0.003460
0.001440
0.001689
-0.001361
-0.000549
0.001446
-0.001189
0.001705
0.000517
-0.001577
-0.001043
-0.003130
-0.000333
0.002436
0.000290
-0.002822
-0.005814
-0.004206
0.000344
0.001154
-0.004452
-0.005068
-0.001229
-0.001343
-0.001360
-0.008169
-0.003674
-0.003785
-0.002481
0.003068
-0.002042
-0.002313
-0.003935
-0.001135
0.005031
0.002144
-0.002541
0.005056
0.002679
-0.002572
-0.003246
-0.000616
0.002016
0.000368
0.000746
0.000727
-0.000317
-0.000322
0.001270
0.000011
0.001517
0.001015
0.002672
0.002777
-0.000800
0.000798
0.003103
-0.000892
-0.004953
0.000023
0.000595
0.000998
-0.001264
-0.000610
0.002832
0.004475
0.003136
-0.002354
-0.001468
0.001190
-0.000132
-0.003506
-0.003573
0.002468
0.005074
0.003589
0.000217
-0.002524
-0.002187
0.002328
0.001954
0.006631
0.004565
-0.004481
0.001070
-0.001203
-0.002991
-0.002020
-0.000037
0.004407
0.008169
0.002368
-0.002718
-0.001629
-0.001335
0.001027
0.000958
-0.005914
-0.001396
-0.004662
-0.006134
0.003833
-0.002825
-0.006706
0.000249
-0.001748
0.000660
0.000636
-0.004285
-0.000348
-0.001294
-0.001211
0.002769
-0.001785
-0.002029
0.004753
0.005984
0.003692
-0.001990
-0.003678
0.001950
-0.000608
0.003182
0.004822
-0.005017
-0.000861
0.003306
0.000418
0.002102
-0.003975
-0.005809
-0.002533
0.000108
0.002392
-0.005221
-0.000481
0.000369
0.004753
0.012291
0.004537
-0.004890
-0.005492
-0.002596
-0.003778
-0.002524
0.003165
0.004233
0.001773
-0.002084
-0.000163
0.004183
0.004757
0.000212
-0.000785
-0.001478
0.001091
0.005917
-0.007464
-0.009380
0.003405
0.002655
-0.000710
0.009649
0.005328
-0.002512
0.000365
-0.004099
-0.004037
0.004053
-0.004912
-0.004627
-0.003748
-0.005247
0.005459
0.006807
0.001584
0.000011
-0.000608
-0.005673
0.000402
0.005823
-0.002492
-0.004625
0.000042
0.002120
0.009311
0.002882
-0.008090
-0.000498
0.001693
0.002519
0.005693
0.000652
0.001400
-0.000225
-0.001790
0.002818
0.000071
0.001119
0.004987
0.006030
-0.001355
-0.006749
0.002233
0.003092
-0.002402
-0.000698
0.003258
0.001595
-0.006121
-0.005277
-0.001335
-0.004321
-0.003252
-0.002690
-0.002428
0.004084
0.007078
-0.002327
-0.001229
0.006669
-0.001866
-0.003275
0.002760
0.003491
-0.001227
-0.002441
0.002711
0.003179
-0.004420
-0.001871
0.005960
0.002737
-0.004305
-0.001363
0.001897
0.002258
-0.003526
-0.002495
0.005553
0.003137
-0.002683
-0.004704
-0.002041
-0.001757
-0.002808
-0.001596
-0.002940
0.002019
0.000540
-0.002220
0.000364
-0.001161
-0.000276
0.001660
0.000160
-0.005521
-0.001871
0.001535
0.001707
0.002006
-0.006171
-0.002083
0.000868
-0.003131
0.000673
0.003238
0.002405
0.001049
0.000613
-0.001120
-0.000821
-0.001627
-0.001962
-0.003976
-0.000166
0.001889
-0.005312
-0.006359
-0.003367
0.002471
0.001753
-0.005142
-0.007770
-0.005949
-0.005726
0.002938
0.006614
0.004098
0.004409
0.006768
0.001084
-0.003050
-0.003710
0.000316
0.005395
0.006020
0.003223
-0.004323
-0.004687
0.007092
0.003989
-0.002636
-0.008313
-0.000973
0.005590
-0.001741
-0.004326
-0.003780
-0.002770
-0.003435
-0.009349
-0.007593
-0.000418
-0.000133
-0.001906
-0.006787
-0.002011
0.007566
0.007019
0.004953
0.000275
0.001546
0.005656
0.006593
-0.002164
-0.003523
-0.001854
-0.003296
-0.001832
0.000057
-0.002947
0.003478
-0.000441
-0.009015
0.022930
0.008811
-0.007284
0.001016
0.007850
0.006496
0.002432
0.002905
0.005867
0.002781
-0.001455
0.005309
0.003683
-0.004153
-0.002090
0.001819
-0.001332
-0.004324
-0.003228
-0.003518
-0.000795
0.001909
0.008468
0.001964
-0.002410
0.006226
0.007157
0.005864
0.000660
-0.001174
0.002265
0.001281
-0.001351
-0.004219
-0.000836
0.005101
-0.001924
-0.003991
-0.000421
0.001179
-0.003003
-0.000200
0.001134
-0.001466
0.005419
0.003681
0.000768
0.001073
-0.002590
0.002196
0.004656
-0.001222
-0.001132
0.002370
0.000675
0.002563
0.000797
0.000940
0.003581
-0.001793
-0.004619
-0.001215
-0.000123
0.005670
0.006046
-0.000856
-0.000819
-0.002981
-0.001974
0.000069
-0.000342
0.002382
0.003595
0.001209
-0.006189
-0.002292
0.006677
0.001592
0.001035
-0.002374
-0.005900
-0.005405
-0.000731
0.001933
-0.005063
-0.008009
-0.006230
-0.004219
0.001628
-0.002605
-0.008936
-0.002812
0.001439
-0.003336
-0.004653
-0.002975
-0.000577
0.000295
-0.004406
0.001535
0.005184
0.001409
0.004844
0.000347
-0.005639
-0.005145
0.003197
0.007060
0.002031
0.002820
0.003190
-0.003691
-0.001748
-0.001545
-0.002311
-0.002238
-0.003256
0.000224
0.001747
-0.001827
-0.003893
-0.003576
-0.004741
-0.003235
-0.005672
-0.003482
0.002722
0.003672
-0.003015
-0.002952
0.008169
0.007055
0.001609
0.007238
0.003557
0.001012
-0.000391
-0.003149
-0.003673
-0.004920
0.000575
0.003824
0.000255
-0.001934
0.000808
0.002034
0.000512
-0.000461
0.000744
0.004569
-0.000367
-0.003324
0.003342
-0.002521
-0.002527
0.004339
0.002814
-0.003433
-0.003581
-0.002738
0.002552
-0.002346
-0.006729
-0.001772
-0.002219
-0.000147
0.000168
0.004423
0.005111
-0.002037
-0.002704
-0.002461
0.001726
0.007178
0.002187
0.002097
0.004321
-0.003312
-0.005875
0.000626
0.006335
-0.002008
-0.012822
-0.009761
-0.000358
0.007632
0.006514
0.001478
0.001704
0.003555
0.000813
-0.001852
-0.002278
-0.004836
-0.001084
0.004383
-0.001893
-0.000366
-0.001778
-0.007740
0.002403
0.004161
0.004852
0.004109
-0.003348
-0.000084
0.003729
0.003546
0.000863
-0.000325
0.003997
0.006349
0.006665
-0.000091
-0.006377
-0.006416
-0.002501
0.007975
-0.001049
-0.007475
0.001719
0.000776
0.005098
0.004895
-0.002492
-0.001002
0.004339
0.000834
-0.001173
-0.001909
0.000964
0.001879
0.000776
-0.003817
-0.003383
0.007153
0.002003
-0.000455
0.002055
0.004288
0.004369
0.000215
0.002521
0.007670
0.003437
-0.002329
-0.000039
-0.000834
0.000044
-0.000467
-0.002789
-0.002220
0.002198
0.001836
-0.006776
-0.005635
0.000012
-0.002196
-0.000947
-0.000281
0.005053
0.006485
-0.003632
-0.003214
-0.001027
0.003433
0.002038
-0.002931
-0.007711
0.002121
0.003754
-0.001257
0.003274
-0.001442
0.000628
0.005193
0.000010
-0.003762
-0.002948
0.000462
-0.001727
-0.000289
-0.000170
0.000266
0.001729
-0.005999
-0.000616
0.001808
0.002192
0.000301
0.000321
0.004531
-0.006512
-0.002956
0.004975
-0.003523
-0.009606
-0.006549
-0.000412
0.000708
0.003358
-0.001608
-0.007203
-0.001769
0.005993
0.009835
0.001365
-0.004766
-0.000019
0.000753
0.001488
0.000822
-0.003462
-0.002000
0.000626
-0.001688
-0.002455
0.000452
-0.002727
-0.002595
-0.001162
0.004236
0.001104
-0.000567
0.006896
-0.000371
-0.005901
0.000977
0.000487
-0.002085
0.001735
0.000396
0.000786
0.002205
-0.000556
-0.002759
-0.002192
-0.004515
-0.000115
0.003279
-0.003380
-0.006069
0.000052
0.000987
-0.005881
-0.003068
-0.005015
-0.005196
0.005358
0.004583
0.001147
0.005137
0.001421
-0.000319
0.001242
-0.000094
-0.003927
-0.000443
0.003195
0.000231
-0.002729
-0.003710
0.000024
0.003429
-0.002596
-0.004038
0.000815
0.002980
0.005169
0.004295
-0.002103
-0.004624
0.003067
0.001154
-0.001737
0.005955
0.002920
-0.003381
0.002559
-0.000066
-0.004305
-0.001918
-0.000423
0.001368
0.004074
0.000554
-0.002149
0.004125
-0.000202
-0.001092
0.005458
0.002704
-0.000883
-0.000687
0.001448
0.002788
0.002138
0.001001
0.000188
-0.004390
0.003751
0.003830
-0.002221
0.000143
0.002673
-0.001949
-0.007647
-0.000514
-0.002040
0.001324
0.004524
-0.000542
-0.001076
-0.001411
0.002657
0.003662
0.000234
0.002086
0.002677
-0.003073
0.000460
0.001272
-0.003247
0.004710
0.006806
-0.000966
-0.000112
0.001913
-0.003202
-0.005617
-0.001004
0.001010
-0.000479
-0.000179
0.000119
0.002567
0.000279
0.002604
0.001715
-0.002693
0.000579
-0.002972
-0.003084
-0.000789
-0.000051
-0.003095
-0.006808
-0.001571
0.005745
0.005234
-0.001159
0.002030
0.005602
-0.000062
-0.004711
-0.000245
0.001850
-0.001902
0.000223
-0.001712
-0.009955
-0.004299
0.001496
-0.001525
-0.002024
-0.001422
0.001572
0.008983
0.004439
0.001696
0.007179
-0.000049
-0.007211
0.001388
0.004455
0.000068
-0.001826
-0.004340
0.000984
0.001067
-0.000733
-0.000553
-0.004471
-0.000345
0.005942
0.000124
-0.004677
-0.002064
-0.000338
0.001838
0.006985
0.002105
-0.000384
0.009077
-0.001413
-0.006683
-0.003862
-0.003095
-0.005632
-0.004503
0.001590
0.003679
0.001816
-0.003099
0.001965
0.009926
0.009108
0.002836
-0.002982
-0.003679
-0.000016
0.001722
0.000029
0.003591
-0.000182
-0.000940
-0.000532
-0.007406
-0.004279
-0.001383
0.000647
0.000664
-0.003699
0.000022
0.002142
0.002963
0.000205
0.006115
0.006247
0.001723
-0.002705
-0.005971
-0.004262
-0.002781
-0.003142
-0.009251
-0.007208
-0.007281
-0.000540
0.003969
-0.000867
0.002259
0.005443
-0.000689
-0.001137
0.007967
0.002122
-0.001985
0.001627
-0.000041
0.002385
0.004556
0.001387
0.000154
0.007635
0.000870
-0.005570
0.001820
-0.001955
-0.004141
0.000138
0.000643
-0.003061
-0.005524
-0.000826
0.002975
0.003778
-0.003049
-0.002450
0.000747
-0.002904
-0.001330
0.000863
0.003481
0.001345
-0.001042
0.003710
0.002109
0.002380
-0.001168
-0.009101
-0.002956
-0.002140
0.000665
0.000931
-0.000613
0.000994
0.004902
0.006748
0.001666
-0.000437
0.002358
0.001913
0.003244
0.001589
-0.002277
-0.005752
-0.005358
0.002763
-0.001090
-0.004777
-0.001108
-0.000862
-0.001700
-0.002047
-0.003799
0.000353
0.000702
-0.000949
-0.000631
-0.001084
-0.000632
-0.000352
-0.003431
0.000542
-0.001595
-0.001038
-0.000462
-0.008197
-0.005466
0.001602
0.002792
-0.002688
-0.003943
0.000313
-0.004286
0.001255
0.004139
-0.005342
-0.000068
0.001699
0.001865
-0.001779
-0.000261
0.006908
-0.002155
0.001370
0.012975
0.003505
-0.001595
0.003861
0.002674
-0.007141
-0.004603
-0.000869
0.000656
0.001361
-0.006444
-0.006435
-0.001649
0.001474
0.001487
-0.000147
-0.002589
-0.004934
-0.002213
0.003603
-0.001979
-0.006268
0.001458
-0.001751
-0.004301
-0.004565
-0.002312
0.004315
0.001241
-0.002997
0.003145
0.005033
0.001151
0.001842
-0.000674
-0.000191
0.000628
0.000578
0.004360
-0.001339
-0.004937
0.000276
0.005598
0.006118
0.000467
-0.003961
-0.003479
-0.000720
-0.000699
-0.002877
0.000164
0.006284
0.000233
0.001192
0.003053
-0.001008
0.001106
-0.003455
-0.004412
-0.002654
-0.001324
0.003370
0.005446
0.004130
0.005788
0.005243
0.000681
0.003497
-0.001054
-0.001203
0.007518
0.001455
-0.000328
-0.001344
-0.005215
0.008616
0.008320
-0.000572
-0.000008
-0.003376
-0.006528
-0.001500
-0.000289
0.008300
0.011735
-0.002637
-0.003765
0.001506
0.003124
-0.003700
-0.005085
0.001835
-0.000923
-0.002862
-0.005203
-0.004701
-0.001554
-0.002927
0.005422
0.005259
0.001829
0.005629
-0.001514
0.000732
0.002324
-0.004834
-0.001616
-0.000491
0.002267
0.004038
-0.000239
-0.000552
0.003425
0.005313
0.003881
-0.001616
-0.001251
0.001732
0.001030
0.006007
0.004613
-0.003532
0.000370
0.002816
0.002577
0.006974
0.002079
-0.001588
-0.001613
-0.002531
-0.004279
-0.001081
0.004754
0.000955
-0.001256
0.001096
-0.002146
0.002675
0.002125
0.001406
-0.002658
-0.006693
0.004111
0.007087
0.000283
-0.002187
0.001177
0.002537
0.004078
-0.003609
-0.002376
0.000418
-0.000503
0.007767
0.009618
0.006395
-0.003316
-0.006284
0.005025
0.005291
0.001297
0.001065
-0.002624
0.005722
0.007469
0.001231
-0.000875
0.000176
0.001531
-0.000397
-0.001245
-0.001785
0.000165
0.001451
-0.007669
-0.011228
-0.006398
-0.000050
0.003728
0.002739
0.000406
-0.004781
0.001187
0.001647
-0.007031
-0.003062
0.000591
-0.001166
-0.000555
-0.000350
-0.003142
-0.003163
-0.005473
-0.009687
-0.002864
0.001960
0.000640
0.000083
0.002247
-0.000684
-0.001813
0.004696
0.004383
-0.004423
-0.002590
-0.002742
-0.004771
0.005210
0.005459
0.002849
0.001215
-0.003584
-0.003404
-0.004959
-0.004141
-0.005564
-0.001323
0.002070
-0.001853
-0.000023
-0.002912
-0.002689
0.001083
-0.004591
-0.008062
0.000236
0.002818
-0.004602
-0.004830
0.003074
-0.000568
-0.004844
0.002237
-0.001279
0.002539
0.007600
0.001049
-0.001700
-0.001295
-0.000132
0.000745
-0.001825
-0.001608
0.002918
0.002096
-0.000553
-0.001104
0.001253
0.004559
-0.001220
-0.000138
0.002653
0.002064
0.005827
0.001278
-0.003080
0.004344
0.000999
-0.001849
-0.000370
-0.001169
0.002188
-0.002679
-0.002807
0.004076
-0.000097
0.003393
0.002417
-0.005239
-0.000407
-0.001464
-0.007226
0.003028
0.005018
0.001794
0.004798
-0.000344
-0.005847
-0.005975
-0.001719
0.000171
-0.000999
0.000083
0.005356
0.003196
0.004538
-0.000695
-0.011375
-0.005254
-0.005288
-0.005032
-0.000331
0.001185
0.010550
0.002118
-0.004207
0.005304
0.004386
0.006011
0.005488
-0.002494
-0.000335
-0.000878
-0.005249
0.000669
-0.005615
-0.002555
0.000742
-0.003169
0.003001
0.003454
0.000978
-0.002610
-0.007885
-0.005091
0.000925
0.001453
0.005969
0.004413
0.000280
-0.003243
-0.008628
-0.004628
-0.000450
0.001213
-0.005297
-0.007177
-0.000761
-0.001544
-0.000356
-0.000440
0.001073
0.006640
0.006525
0.002288
-0.001603
0.001336
0.001154
-0.002595
0.001665
0.004422
0.000174
0.000920
0.005841
0.005851
0.000219
0.001094
-0.001328
-0.005030
0.003618
0.003888
-0.003550
0.001045
0.000769
0.003409
0.007037
0.003590
0.001399
0.002190
-0.001400
-0.000800
0.002708
-0.004731
-0.001001
-0.000015
-0.008152
-0.003810
-0.005636
-0.004315
-0.002881
-0.001348
-0.001792
-0.004031
0.000624
-0.002023
0.001460
0.003927
-0.003724
0.002474
0.007644
0.004504
0.000634
-0.004122
0.001631
0.000569
-0.003956
-0.000420
0.005097
0.006780
0.000372
-0.004604
0.001682
0.009676
0.001324
-0.002092
0.002234
0.002330
0.001006
-0.005805
-0.002630
0.006181
0.003797
-0.002653
-0.004116
-0.000233
0.002879
-0.000495
-0.006098
-0.006812
-0.002684
0.000766
0.000238
-0.005527
-0.003406
0.002160
0.001217
0.000823
0.000865
-0.006593
-0.008690
0.001406
0.004385
0.000420
0.003114
0.005727
0.002287
0.000585
0.001203
-0.001324
0.002357
0.004657
0.000163
0.000212
-0.001176
-0.003308
0.002071
0.002256
-0.000794
0.001608
0.001173
0.003625
-0.004605
-0.003396
-0.000148
-0.004083
-0.002029
0.003060
0.005009
-0.004196
-0.002064
0.000703
-0.003200
0.004806
0.005757
-0.009499
-0.003471
-0.003666
-0.008659
-0.001712
0.000600
0.003834
0.001306
0.001883
-0.002012
-0.005562
-0.000011
0.004204
0.006109
-0.001154
-0.006470
-0.004196
-0.004521
-0.002641
0.002237
0.003694
0.001319
0.000415
-0.003297
-0.003121
-0.004079
0.002362
0.004847
0.000792
0.001728
0.002182
0.002580
0.000675
-0.000344
0.001102
-0.001346
-0.003187
-0.000064
0.002140
-0.006176
-0.008433
0.003693
0.004493
0.000302
0.004488
-0.000948
-0.002295
-0.000485
0.002234
0.004579
0.007051
0.007193
0.000525
0.002713
0.002019
0.005950
0.006029
0.000104
0.003258
0.001260
-0.001935
-0.001827
0.004437
0.004239
-0.002474
0.001108
0.001698
0.001296
0.003420
-0.007884
-0.002421
0.005162
-0.005587
-0.010543
0.001833
0.004942
0.000731
-0.009097
-0.007354
0.010563
0.009777
0.006040
0.004083
-0.003477
-0.004719
-0.002569
-0.002169
0.000730
0.001118
0.000123
0.000160
0.003557
0.008045
0.003666
0.003165
-0.002176
0.003108
0.008132
-0.001251
0.003389
0.003398
-0.001148
0.001562
-0.005678
-0.009075
-0.004342
0.000880
-0.000882
-0.002584
0.001558
0.003028
-0.004990
-0.009289
-0.003493
-0.000541
0.000418
0.001986
-0.003938
-0.003453
-0.000329
0.001875
0.004586
0.001364
-0.002511
-0.000825
0.003581
-0.002007
-0.001514
0.004324
-0.000183
-0.001549
-0.006209
-0.009817
-0.001614
0.003375
-0.001446
-0.002326
0.001556
-0.002426
-0.007798
-0.008351
0.002917
0.004485
-0.002859
-0.004365
-0.004678
0.000429
-0.000546
-0.001749
0.001404
-0.005940
-0.005177
0.001227
-0.000489
0.002570
0.000495
-0.004889
-0.000010
0.003198
0.000160
0.003025
-0.001098
-0.002449
0.004172
0.004263
-0.002179
-0.002230
-0.001881
-0.004717
0.000649
0.003546
0.003784
0.005045
-0.000795
-0.001833
-0.001120
-0.005891
-0.001244
0.001952
0.003571
0.007827
-0.004472
-0.009540
-0.000975
-0.000371
-0.000150
0.001975
0.000011
0.001704
0.004744
0.004210
0.001504
0.002333
0.007167
0.004124
0.000368
-0.002017
0.001482
0.002262
-0.000665
0.000878
0.002892
0.003141
-0.001443
0.000148
0.002330
-0.001224
-0.002478
0.000832
-0.000448
-0.001863
0.002214
0.003661
-0.002311
-0.006162
-0.001515
0.005353
0.004133
-0.006000
-0.004182
0.003108
0.001175
0.001846
-0.001381
0.006561
0.010831
0.003916
0.002531
0.002471
0.000498
-0.000177
0.006824
0.000220
-0.007476
0.003678
0.002025
-0.000069
-0.000663
-0.006686
-0.003339
0.000447
-0.002479
-0.005920
0.000889
0.002105
-0.002585
0.000664
0.000456
0.000201
-0.001811
0.000183
-0.000838
-0.002931
0.002843
0.000403
-0.006174
0.002908
0.010927
0.002758
0.002244
0.004453
0.002334
0.000189
0.000560
0.001406
-0.003018
-0.006363
0.001945
0.002501
0.002453
0.004008
-0.000787
0.000931
0.000119
-0.001768
-0.006203
-0.004763
0.004677
0.005067
-0.002495
-0.000771
-0.000824
0.000915
-0.001152
-0.003194
0.000712
-0.000236
0.001726
0.004262
-0.003777
-0.006159
0.000952
0.000989
-0.006304
-0.002520
0.004202
0.001404
0.004037
0.000462
0.001720
0.007341
-0.000394
-0.002712
-0.000542
-0.001608
0.002669
0.002536
-0.007182
-0.003432
0.002342
0.002012
0.003834
-0.000015
-0.003922
-0.000570
0.000415
0.002372
0.000099
-0.001616
0.004907
0.004739
-0.000448
0.004362
-0.000328
-0.004550
-0.001132
-0.000007
-0.001316
-0.005927
-0.001421
-0.000198
0.000782
0.008946
0.002436
-0.002940
-0.002765
-0.002752
-0.002891
-0.001841
-0.006699
-0.002563
-0.000546
-0.005502
-0.001839
-0.003402
0.002532
0.003360
-0.002791
-0.002390
-0.002067
0.000305
-0.001581
-0.006034
-0.002180
0.001714
0.000797
-0.002049
0.000332
0.001485
-0.005563
-0.004714
-0.003046
-0.000641
0.000988
-0.006046
0.000589
0.008918
0.002930
0.002599
0.005135
0.002843
0.002561
0.001620
-0.002613
-0.010492
-0.002729
0.002594
-0.000184
0.000152
-0.005246
-0.002488
0.003146
0.000806
0.000826
0.004834
0.000745
-0.004865
0.000228
0.005873
0.005702
0.004480
-0.002713
-0.000402
0.002089
-0.006818
-0.008328
0.000683
0.006759
0.002618
0.000303
0.001355
0.000837
-0.002948
-0.003073
0.000566
-0.001278
-0.000270
0.001205
0.003594
0.002443
-0.000956
-0.006014
-0.003283
0.001251
0.002974
0.003232
-0.000895
0.002178
0.004849
-0.000540
-0.001071
-0.000365
-0.001942
-0.001972
0.003033
0.000225
0.004277
-0.000384
-0.007966
0.003293
0.005017
0.004031
0.006417
0.000216
-0.006111
-0.009707
-0.013153
-0.005161
0.002263
0.001239
-0.001099
-0.000892
0.002341
-0.006225
-0.004858
0.000322
0.001372
-0.003743
-0.007045
-0.001215
0.002066
0.002427
-0.000128
-0.001570
-0.000498
-0.001254
-0.004755
0.003622
0.009146
-0.005930
-0.010978
0.000028
0.002961
-0.001924
0.000340
0.000973
0.001861
0.002971
0.001283
-0.003868
-0.003357
-0.000149
-0.003607
0.003346
0.000388
-0.002156
0.007750
0.000060
-0.004013
-0.001360
-0.001575
0.000212
-0.002275
0.002636
0.003148
-0.004893
-0.007584
-0.003748
0.002672
0.001774
0.001814
-0.001146
-0.003635
-0.002163
-0.002108
0.003676
0.009963
0.025408
0.053153
0.078539
0.106042
0.122162
0.050834
-0.047881
-0.071851
-0.011935
0.160448
0.264818
0.133438
-0.112921
-0.432833
-0.731286
-0.615176
-0.162206
-0.002899
-0.058517
0.165202
0.375884
0.416722
0.399817
0.257738
-0.024919
-0.048748
0.074850
-0.073807
-0.014794
0.043748
-0.062097
0.224021
0.400792
0.093364
-0.201226
-0.377598
-0.346597
-0.196056
-0.306487
-0.497869
-0.242812
0.222858
0.416360
0.287101
0.069941
0.095424
0.358051
0.605633
0.486519
0.168419
0.119467
0.244430
0.039834
-0.418718
-0.540626
-0.185081
0.112866
0.042315
-0.280629
-0.711443
-0.907705
-0.409359
0.174339
0.028765
-0.446976
-0.495684
0.121127
0.729461
0.709167
0.325642
0.012039
0.061845
0.228519
0.204081
0.012962
-0.188718
-0.089191
0.186759
0.113219
-0.225977
-0.137207
0.186110
0.184948
0.016907
-0.202986
-0.363424
-0.199893
-0.057034
-0.035187
0.181600
0.304490
0.294334
0.313138
0.330365
0.464572
0.302393
-0.189529
-0.475538
-0.363311
-0.124795
-0.087057
-0.126411
-0.275581
-0.441831
-0.411966
-0.402719
-0.236621
0.280865
0.625941
0.305679
-0.092410
0.098578
0.274918
0.126468
0.031113
0.180937
0.543120
0.425249
-0.224759
-0.428574
-0.366229
-0.455816
-0.484204
-0.343163
0.113534
0.425928
0.259472
0.241745
0.307449
0.150411
0.032486
-0.160562
-0.146041
0.189760
0.012709
-0.433510
-0.266380
0.056880
-0.007502
0.027329
0.152904
0.142943
0.090788
-0.169842
-0.064533
0.352741
0.292554
0.196675
0.179977
-0.085270
-0.108665
-0.078518
-0.384958
-0.586358
-0.385037
-0.100612
-0.021097
-0.160648
-0.144037
0.097527
0.243590
0.038367
-0.088865
0.149131
0.246010
0.205196
0.100000
-0.082677
0.302665
0.839273
0.343562
-0.334596
-0.468812
-0.301781
0.173105
0.217205
-0.115226
-0.077346
0.087594
0.022372
-0.149289
-0.164986
0.178258
0.206511
-0.365412
-0.568469
-0.398115
-0.362948
-0.318851
-0.026895
0.348038
0.668811
0.523852
0.086349
-0.081068
-0.071971
0.206549
0.385187
0.110679
-0.192945
-0.199373
-0.254819
-0.343304
-0.318066
-0.110941
0.302121
0.329334
-0.012044
-0.122606
0.030278
0.039678
0.005894
0.055168
-0.001638
-0.120126
-0.157231
-0.104968
0.084919
0.235139
0.255576
0.351993
0.170574
-0.155382
0.021955
0.067772
-0.344865
-0.527256
-0.283411
-0.100443
-0.134672
0.031666
0.351471
0.291958
-0.286543
-0.587817
-0.393042
-0.182750
0.282702
0.852009
1.010983
0.603938
-0.304028
-1.243443
-1.050887
-0.123045
0.362877
0.545452
0.632010
0.128353
-0.323261
-0.222433
-0.016288
0.188730
0.340236
0.338232
0.147672
-0.357740
-0.770644
-0.433530
0.207121
0.484418
0.493554
0.298840
-0.130913
-0.341194
-0.165278
-0.046067
0.084330
0.214224
-0.181257
-0.693623
-0.380089
0.347255
0.499714
0.350282
0.668781
1.071945
0.824648
0.185289
-0.178314
0.011403
1.012624
2.516097
3.248528
2.684908
0.308650
-3.675883
-7.410081
-8.314332
-4.107580
3.184550
8.604259
9.407876
5.400514
-0.496965
-4.655481
-5.924747
-5.264708
-4.221091
-3.964483
-4.008452
-2.743502
0.061579
3.252351
4.822059
3.647919
1.224960
0.678122
2.206473
3.195342
2.406868
0.205150
-2.414519
-4.065722
-3.609888
-1.239556
0.870203
1.231597
0.969013
1.210323
1.749683
2.151401
1.582662
-0.289264
-2.154953
-2.116619
-0.492729
0.633241
0.588518
0.251289
-0.190613
-0.759845
-0.928031
-0.419482
0.646101
1.248318
0.843015
-0.015694
-0.959008
-1.335459
-1.052385
-0.628926
0.032476
0.783311
0.973373
0.811263
0.422952
-0.187031
-0.550364
-0.516834
0.186116
1.517520
2.172391
1.219972
-0.533750
-1.741977
-1.694122
-0.800423
-0.008138
0.541105
0.903697
0.845494
0.402664
-0.133059
-0.331439
-0.447131
-0.641912
-0.941570
-1.215321
-0.722758
0.514636
1.482453
1.589455
0.940211
0.295413
-0.097710
-0.666582
-1.284590
-1.564190
-1.224238
-0.620667
0.061897
0.664499
0.782804
0.598545
0.582133
0.800142
0.992327
0.983285
0.652557
0.198906
-0.554037
-1.235546
-0.981291
-0.277146
0.325400
0.542595
0.239378
-0.124978
-0.302280
-0.529714
-0.830447
-0.815056
-0.383103
0.166360
0.751415
0.828540
0.133578
-0.370244
-0.429503
-0.391711
-0.177265
0.240945
0.653223
0.773382
0.396902
-0.125877
-0.494673
-0.798459
-1.055008
-0.982594
-0.300465
0.438207
0.568990
0.403601
0.251064
0.177206
0.150583
0.217049
0.570804
0.927046
0.855434
0.523213
0.149073
-0.324696
-0.432108
-0.124329
0.026300
-0.202546
-0.402579
-0.345562
-0.275715
-0.416391
-0.678840
-0.683434
-0.390540
-0.204193
-0.178545
-0.166857
-0.096639
-0.081440
-0.051035
0.475019
1.269365
1.466094
0.819940
0.132413
0.078755
0.322513
0.372777
0.174720
-0.202894
-0.409111
-0.464532
-0.725003
-0.770017
-0.293489
0.214779
0.446380
0.534923
0.372722
-0.041457
-0.255371
-0.363095
-0.484687
-0.354753
-0.095480
0.077020
0.092565
0.257823
0.681246
0.631266
0.043250
-0.386113
-0.417641
-0.404972
-0.477698
-0.429013
-0.238608
-0.182996
0.003041
0.358801
0.666883
0.874637
0.655248
-0.077431
-0.752437
-0.911619
-0.558867
0.132956
0.580690
0.525187
0.142370
-0.295717
-0.540159
-0.494353
-0.118911
0.219799
0.300778
0.122797
-0.153143
-0.342060
-0.325476
-0.082222
0.141656
0.094198
-0.276962
-0.531769
-0.287113
0.279000
0.814065
0.780500
0.237790
-0.090511
-0.049943
0.101271
0.149451
0.011910
-0.102645
-0.006501
0.143264
0.229971
0.330425
0.556137
0.538244
0.208583
0.019154
0.058072
0.223736
0.175997
-0.144664
-0.294870
-0.362663
-0.580304
-0.726949
-0.572002
-0.092828
0.314590
0.339692
0.233565
0.086218
0.103576
0.421268
0.382372
-0.017021
-0.308002
-0.358538
-0.109868
0.067106
-0.120441
-0.213889
-0.208502
-0.516641
-0.805536
-0.683212
-0.386522
0.050510
0.410788
0.446332
0.458757
0.571032
0.598308
0.488166
0.161769
-0.147150
-0.199921
-0.163533
-0.103550
0.020140
-0.054890
-0.451652
-0.829933
-0.839700
-0.588504
-0.384374
-0.242649
-0.045709
-0.001370
-0.093146
-0.194806
-0.168752
0.196218
0.523245
0.543598
0.520360
0.763518
1.311471
1.610093
1.336861
0.857167
0.359685
0.030411
-0.206812
-0.669084
-1.028650
-0.970889
-0.766193
-0.701871
-0.897435
-1.048383
-1.048442
-0.854484
-0.348684
0.224559
0.488741
0.357182
0.277605
0.542874
0.841855
0.847256
0.669136
0.497485
0.262387
-0.096598
-0.389181
-0.358979
-0.087934
0.222533
0.500513
0.522087
0.296103
0.126360
0.099401
0.025001
-0.283894
-0.489403
-0.412057
-0.383723
-0.439097
-0.517825
-0.377822
0.162540
0.641973
0.786618
0.602630
0.259522
0.073160
-0.082253
-0.244663
-0.198458
-0.231435
-0.497148
-0.733647
-0.837619
-0.755974
-0.524042
-0.297646
-0.181927
-0.105629
0.024959
0.234480
0.508904
0.764975
0.717077
0.480272
0.544304
0.697130
0.499898
0.238386
0.095013
0.034186
0.074794
0.005656
-0.148512
-0.166518
-0.005219
0.262257
0.380523
0.181796
-0.109638
-0.378543
-0.549989
-0.415072
-0.167799
0.027989
-0.007879
-0.353336
-0.554217
-0.343589
0.168107
0.580654
0.586267
0.284683
-0.136732
-0.504200
-0.655902
-0.590461
-0.409900
-0.213948
-0.121903
-0.078141
-0.006199
0.006563
-0.009672
-0.039711
-0.044110
0.007996
-0.029193
-0.019340
0.193197
0.355395
0.320221
0.214570
0.152726
0.225385
0.405668
0.437298
0.270598
0.174541
0.240789
0.301725
0.151199
-0.052821
-0.071253
-0.077360
-0.231086
-0.371825
-0.394639
-0.473636
-0.607479
-0.675825
-0.732620
-0.711745
-0.477330
-0.126049
0.139518
0.132756
0.096829
0.395645
0.787747
0.906567
0.861235
0.846869
0.848914
0.654504
0.298448
0.011730
-0.024494
0.155137
0.171823
-0.124539
-0.477623
-0.638492
-0.766115
-0.895340
-0.693225
-0.216975
0.173479
0.236707
0.052925
0.053345
0.173875
0.055788
-0.056942
0.056084
0.188965
0.072809
-0.204576
-0.360503
-0.289134
-0.168699
-0.115148
0.008467
0.147775
0.182318
0.242442
0.325726
0.307844
0.270729
0.155477
0.006606
-0.008510
-0.015832
-0.038387
-0.001814
0.123130
0.187012
0.042557
-0.136258
-0.128600
-0.007732
0.014011
0.003821
0.054887
0.033728
-0.200671
-0.378450
-0.163992
0.227617
0.237903
-0.051736
-0.188513
-0.139455
-0.091215
-0.173047
-0.281562
-0.315055
-0.282137
-0.111943
0.009070
-0.033043
0.002916
0.101666
-0.017169
-0.269224
-0.268050
-0.006696
0.210239
0.283845
0.392405
0.484210
0.396348
0.302793
0.282638
0.253513
0.097262
-0.269321
-0.560678
-0.609590
-0.586889
-0.432846
-0.211231
-0.124912
-0.029104
0.136139
0.200900
0.210803
0.208239
0.212099
0.234779
0.114047
-0.047202
-0.096728
-0.065538
0.004041
0.060798
0.134654
0.246073
0.319585
0.316620
0.212712
0.024700
-0.043935
0.059527
0.128284
0.060058
-0.009254
-0.012621
-0.101053
-0.277964
-0.430045
-0.515651
-0.427475
-0.076612
0.289520
0.409799
0.311169
0.149103
0.048227
-0.028268
-0.067226
0.014096
0.112753
0.137242
0.156812
0.101705
0.042037
0.066240
0.044218
-0.021995
-0.053898
-0.077090
-0.095073
-0.110726
-0.167886
-0.218829
-0.270634
-0.353456
-0.387246
-0.270163
0.044771
0.317316
0.295894
0.163942
0.181924
0.246021
0.172710
0.061977
0.122005
0.243751
0.178897
0.017114
0.001543
0.098931
0.056126
-0.096845
-0.208921
-0.315124
-0.429108
-0.410435
-0.244916
-0.132876
-0.176672
-0.205774
-0.061317
0.116098
0.166545
0.200326
0.335407
0.440687
0.338198
0.111809
-0.003372
-0.014779
-0.028212
-0.082690
-0.049852
0.099026
0.192128
0.190204
0.113406
0.163001
0.338116
0.401197
0.332344
0.230593
0.071436
-0.126409
-0.285571
-0.414578
-0.456608
-0.464318
-0.551562
-0.572168
-0.438795
-0.325157
-0.219803
-0.107167
-0.041281
-0.005270
-0.064233
-0.100852
0.016389
0.100013
0.026985
-0.083927
-0.013915
0.256619
0.447272
0.443533
0.370721
0.308317
0.264779
0.249608
0.192047
0.098525
0.002428
-0.030306
0.055810
0.094797
0.099282
0.207008
0.242087
0.117374
-0.046353
-0.202499
-0.295626
-0.322670
-0.299300
-0.233148
-0.218604
-0.303768
-0.428716
-0.491798
-0.486363
-0.475253
-0.417681
-0.279061
-0.094674
0.084652
0.182106
0.214195
0.300357
0.456986
0.632755
0.663391
0.531642
0.432299
0.374182
0.287705
0.092246
-0.161350
-0.305327
-0.302409
-0.201218
-0.120011
-0.107362
-0.105372
-0.063873
-0.036022
-0.050730
-0.007258
0.093939
0.147297
0.119611
0.120264
0.152586
0.108062
0.023488
-0.039903
-0.048521
0.027260
0.151190
0.232825
0.201650
0.053597
-0.125483
-0.224409
-0.196162
-0.116006
-0.191051
-0.375890
-0.350599
-0.194196
-0.163536
-0.237501
-0.255857
-0.139473
0.041846
0.153522
0.167365
0.146964
0.181169
0.290917
0.303568
0.181192
0.083261
0.062650
0.064303
0.029208
-0.068341
-0.171043
-0.211994
-0.178760
-0.088023
-0.076473
-0.130784
-0.097977
-0.019159
0.021674
0.033678
0.090814
0.176067
0.178869
0.136648
0.126832
0.098192
0.007351
-0.086593
-0.113378
-0.050307
0.072264
0.185825
0.231867
0.197579
0.151070
0.163527
0.229864
0.257384
0.211577
0.117783
0.028657
-0.031470
-0.084977
-0.164188
-0.253600
-0.333016
-0.397040
-0.485680
-0.534493
-0.456810
-0.330519
-0.212221
-0.111192
-0.020905
0.099681
0.200754
0.227198
0.281429
0.399634
0.439039
0.308210
0.125452
0.011736
-0.065368
-0.103467
-0.096068
-0.002432
0.092665
0.003437
-0.112516
-0.068995
-0.014987
-0.076043
-0.179463
-0.193847
-0.103764
-0.046914
-0.034914
-0.021317
-0.049108
-0.046390
0.006998
-0.007359
-0.049294
-0.089112
-0.144469
-0.165439
-0.132327
-0.039402
0.096302
0.189502
0.262908
0.349608
0.323007
0.177404
0.014573
-0.075400
-0.083009
-0.061681
0.007257
0.118019
0.136028
0.044132
-0.008542
0.046627
0.131716
0.146221
0.085929
0.035312
0.041627
0.035752
-0.060205
-0.106256
-0.006392
0.087736
0.071333
0.018313
-0.021318
-0.073368
-0.102509
-0.151533
-0.217794
-0.199998
-0.084034
0.024930
0.041485
-0.031255
-0.038754
0.030796
0.009406
-0.042860
0.005964
0.099989
0.112994
0.024155
-0.046522
-0.025864
0.028873
0.042601
0.005887
0.004303
0.036741
0.014414
-0.027168
-0.011155
-0.004672
-0.034397
-0.094234
-0.184214
-0.202954
-0.086841
0.092891
0.158583
0.077404
-0.049413
-0.142276
-0.161855
-0.108546
-0.016299
0.019230
0.009489
0.020018
0.037006
0.035929
0.009846
-0.002670
0.004861
-0.006651
-0.014360
0.005729
-0.027459
-0.100368
-0.128491
-0.120727
-0.098636
-0.018846
0.082925
0.135275
0.104114
0.028892
0.022275
0.102979
0.193844
0.223785
0.234222
0.236753
0.188458
0.144169
0.109138
0.086476
0.086352
0.070924
0.035453
-0.030331
-0.113599
-0.145140
-0.162771
-0.189501
-0.120885
0.039987
0.184040
0.172323
0.065661
0.019004
0.057065
0.126452
0.163237
0.176122
0.162112
0.113042
-0.004318
-0.157187
-0.297491
-0.424954
-0.467280
-0.390420
-0.300053
-0.249112
-0.199247
-0.143451
-0.081007
-0.055256
-0.060586
-0.013400
0.060720
0.102691
0.098311
0.106201
0.160628
0.142018
0.015038
-0.028236
0.038651
0.065581
0.013988
-0.085676
-0.119624
-0.042319
0.049993
0.110463
0.125457
0.099564
0.062319
0.059377
0.094689
0.096065
0.002792
-0.086151
-0.077118
-0.047220
-0.056752
-0.101292
-0.118752
-0.058403
0.003112
0.026568
0.032760
0.033249
0.051148
0.079100
0.120122
0.158889
0.190083
0.213214
0.188724
0.141334
0.117177
0.143546
0.199095
0.211143
0.174416
0.148366
0.119932
0.012563
-0.127994
-0.199219
-0.208253
-0.204222
-0.220834
-0.253229
-0.247585
-0.210897
-0.202554
-0.211182
-0.160130
-0.083046
-0.080951
-0.114891
-0.105058
-0.099705
-0.161694
-0.236505
-0.217283
-0.071864
0.099806
0.174488
0.144547
0.063388
0.004754
0.036805
0.101540
0.195428
0.282932
0.233561
0.139389
0.111239
0.097829
0.065496
0.032392
0.041972
0.073398
0.021775
-0.085677
-0.116334
-0.037097
0.047607
0.031288
-0.055339
-0.057693
0.012962
0.010582
-0.022410
0.022088
0.073785
0.077486
0.090972
0.127496
0.117595
0.054922
0.002448
0.026752
0.068238
0.021830
-0.049260
-0.058638
-0.014285
-0.010016
-0.098627
-0.172613
-0.137644
-0.080777
-0.114132
-0.200659
-0.224568
-0.163681
-0.097412
-0.056145
-0.022764
-0.008174
-0.003538
0.022317
0.065433
0.081130
0.058750
0.017822
0.011547
0.103467
0.211345
0.230315
0.173880
0.077636
0.016671
0.033330
0.064453
0.072433
0.034337
-0.050055
-0.069770
-0.035847
-0.030676
-0.045102
-0.069685
-0.090582
-0.073774
-0.013446
0.040762
0.060200
0.048895
0.009910
0.022631
0.087635
0.106495
0.065170
0.010519
-0.021376
-0.046151
-0.104563
-0.159769
-0.151066
-0.117887
-0.104165
-0.073592
-0.048781
-0.038367
-0.010645
0.042461
0.096301
0.096682
0.083395
0.126992
0.147817
0.061651
-0.057333
-0.111611
-0.117358
-0.115233
-0.139479
-0.174456
-0.166539
-0.117440
-0.047801
0.005973
0.009377
-0.009338
0.006410
0.018566
-0.001278
-0.007583
0.049018
0.099104
0.093148
0.099174
0.122993
0.143360
0.122339
0.090024
0.084212
0.043236
-0.011081
-0.005235
0.022072
-0.002460
-0.065444
-0.113229
-0.132492
-0.137001
-0.108940
-0.058491
-0.005097
0.034623
0.033961
0.024284
0.059205
0.091993
0.082701
0.063891
0.041526
0.046350
0.075580
0.047036
0.023435
0.035077
0.001864
-0.037396
-0.039359
-0.011521
0.008160
-0.022852
-0.071845
-0.085355
-0.074558
-0.046092
0.006681
0.026172
0.032882
0.062717
0.098819
0.112360
0.068288
-0.020699
-0.066369
-0.057480
-0.056739
-0.070278
-0.050611
0.023530
0.100231
0.110678
0.085258
0.087468
0.102099
0.106370
0.122003
0.141355
0.112428
0.031689
-0.048979
-0.109120
-0.174212
-0.239248
-0.236050
-0.194330
-0.190246
-0.175176
-0.135913
-0.086554
-0.020846
0.032189
0.093267
0.157403
0.177252
0.177814
0.161486
0.113935
0.090634
0.110152
0.120145
0.074042
-0.010897
-0.071592
-0.085279
-0.067383
-0.037369
-0.018217
-0.048591
-0.095730
-0.101113
-0.051257
0.002493
-0.000843
-0.053118
-0.115345
-0.144996
-0.121229
-0.064557
-0.002479
0.029900
0.021904
0.031059
0.036288
0.032728
0.074842
0.121449
0.128530
0.104779
0.040436
0.009813
0.059435
0.073548
-0.002337
-0.073793
-0.071421
-0.030457
0.002017
0.013452
0.021080
-0.012610
-0.077960
-0.085929
-0.055433
-0.017293
0.022237
0.044453
0.036479
-0.002424
-0.033029
-0.023343
0.012300
0.012372
-0.039690
-0.081050
-0.072525
-0.054365
-0.071243
-0.114314
-0.111994
-0.052687
0.001309
0.021403
0.032395
0.042872
0.046819
0.028739
0.011474
0.041959
0.083003
0.056594
-0.008588
-0.045829
-0.027321
0.029116
0.073705
0.089309
0.081319
0.086415
0.100579
0.082940
0.070463
0.068192
0.054838
0.036467
-0.011482
-0.061126
-0.081827
-0.077928
-0.065774
-0.064990
-0.054715
-0.024282
-0.011253
0.003854
0.020739
-0.006263
-0.062406
-0.081500
-0.045438
-0.021512
-0.034381
-0.069683
-0.090042
-0.061597
-0.037888
-0.048704
-0.035796
-0.009414
0.007890
0.038257
0.056833
0.101715
0.175635
0.184925
0.156604
0.141457
0.131080
0.103250
0.042972
-0.051948
-0.114010
-0.117544
-0.119238
-0.123657
-0.119317
-0.081813
-0.030467
-0.001199
0.014845
0.004179
-0.023993
-0.021050
0.007813
0.022697
0.040003
0.057831
0.072544
0.080907
0.066172
0.063883
0.058000
0.013788
-0.039708
-0.054704
-0.042738
-0.070294
-0.136722
-0.187988
-0.175607
-0.105287
-0.049210
-0.024073
0.007627
0.050231
0.096723
0.106333
0.082254
0.053299
0.015670
-0.035817
-0.067592
-0.039913
0.004585
0.007618
-0.027279
-0.026530
0.033853
0.084027
0.088098
0.085837
0.105939
0.138705
0.133951
0.073751
0.008537
-0.021829
-0.010165
0.007499
0.013657
0.023317
0.059291
0.092488
0.077325
0.032780
0.010245
0.008202
-0.004967
-0.042405
-0.119240
-0.164350
-0.150623
-0.119516
-0.104797
-0.118782
-0.129104
-0.118058
-0.064071
0.034000
0.109224
0.139197
0.165971
0.175224
0.160877
0.113595
0.041860
-0.014398
-0.047781
-0.062064
-0.077192
-0.100664
-0.102185
-0.097608
-0.099064
-0.087126
-0.050339
-0.017029
0.000262
0.001562
-0.011653
-0.018906
-0.012606
-0.006905
-0.001400
0.003108
-0.000105
0.013574
0.042087
0.065009
0.056888
0.020026
-0.006823
-0.002899
-0.000658
-0.017628
-0.024604
-0.023439
-0.023988
0.009311
0.067337
0.074676
0.036135
0.025597
0.043348
0.039531
0.015916
-0.008174
0.003613
0.039256
0.044206
0.020070
0.010829
0.016873
0.021928
0.020262
0.009826
0.018962
0.037903
0.052707
0.051234
0.022859
-0.019232
-0.044093
-0.041605
-0.024253
0.003236
0.001066
-0.042338
-0.083494
-0.103576
-0.104804
-0.070229
-0.020879
0.010396
0.026141
0.035389
0.039682
0.034961
0.027894
-0.008506
-0.066783
-0.093175
-0.119010
-0.126926
-0.091446
-0.062713
-0.035809
0.006344
0.020174
0.014025
0.016974
0.008739
0.015654
0.026210
0.009979
-0.007866
-0.041460
-0.056858
-0.008889
0.043680
0.049903
0.042738
0.051872
0.075661
0.081878
0.084130
0.101844
0.107878
0.080997
0.052202
0.065627
0.109937
0.118728
0.070836
0.004165
-0.024360
0.000788
0.038450
0.061992
0.057729
0.033667
0.006842
-0.003069
-0.011238
-0.041760
-0.067942
-0.098324
-0.140174
-0.157849
-0.149257
-0.122109
-0.077269
-0.026797
0.016879
0.020512
-0.015463
-0.027184
-0.015564
0.009104
0.041047
0.046166
0.018138
-0.001006
0.000160
0.013279
0.023798
0.019008
0.019787
0.015100
0.016162
0.020085
0.026390
0.053204
0.076994
0.058139
0.021262
-0.020318
-0.085504
-0.139723
-0.152788
-0.142292
-0.139333
-0.135064
-0.106082
-0.042679
0.051275
0.121242
0.117580
0.069833
0.057279
0.081021
0.087292
0.058097
-0.013002
-0.076355
-0.084189
-0.079421
-0.084606
-0.091338
-0.076741
-0.034088
0.001257
0.019547
0.014720
0.010746
0.025274
0.028186
0.016347
0.014463
0.039906
0.048567
0.028372
0.025460
0.046528
0.085015
0.106906
0.097818
0.103135
0.121971
0.120218
0.098599
0.060756
0.009204
-0.029924
-0.051223
-0.097518
-0.135576
-0.095529
-0.025004
0.010318
0.003377
-0.019389
-0.037966
-0.021135
0.019180
0.034001
0.008916
-0.030015
-0.037936
-0.005569
0.031260
0.043963
0.033974
-0.007504
-0.064438
-0.081040
-0.053536
-0.032887
-0.025440
-0.028207
-0.033035
-0.027978
-0.045791
-0.065712
-0.052423
-0.047792
-0.054994
-0.039622
-0.005511
0.032905
0.033042
0.017243
0.036609
0.068257
0.084435
0.081481
0.076198
0.071266
0.051913
0.022473
0.034661
0.067212
0.062616
0.045176
0.012590
-0.049608
-0.094002
-0.106164
-0.090462
-0.051477
-0.033789
-0.043440
-0.055860
-0.054009
-0.020309
0.008949
0.001269
-0.010199
-0.011465
-0.016381
-0.013573
-0.021621
-0.045019
-0.049166
-0.039373
-0.009669
0.010112
0.019790
0.043955
0.050647
0.045799
0.048437
0.051059
0.058757
0.047217
0.037822
0.042056
0.040090
0.031317
0.016037
-0.014850
-0.015540
0.024575
0.030098
0.012500
0.018069
0.033354
0.050786
0.055212
0.032680
0.018171
0.023801
-0.002751
-0.049061
-0.055658
-0.030685
-0.017855
-0.042343
-0.070752
-0.064214
-0.037176
-0.032265
-0.042582
-0.030882
-0.014036
-0.021648
-0.039781
-0.029813
-0.005199
-0.005645
-0.016442
-0.037300
-0.047926
-0.025650
0.007655
0.033603
0.055793
0.071556
0.081787
0.093322
0.088826
0.075489
0.061689
0.039940
0.016560
0.019824
0.023164
0.009840
0.000928
-0.007975
-0.014006
-0.010719
-0.027718
-0.071432
-0.097530
-0.097844
-0.061276
-0.015310
-0.008764
0.000497
0.018366
0.049907
0.090093
0.096301
0.076654
0.043105
0.014352
-0.000030
-0.001551
0.021781
0.036328
0.021023
-0.002233
-0.021125
-0.023546
-0.002825
0.027715
0.055687
0.062810
0.040701
0.013909
-0.003287
-0.029922
-0.066010
-0.090340
-0.109791
-0.110789
-0.089021
-0.057149
-0.032191
-0.012558
0.008195
0.008372
0.000109
-0.010767
-0.031137
-0.033545
-0.023222
-0.021565
-0.009890
-0.001135
-0.023242
-0.028492
-0.004595
0.032800
0.064600
0.053489
0.035656
0.034434
0.026519
0.001827
-0.016457
-0.032865
-0.044027
-0.033420
-0.024235
-0.016871
0.010653
0.023286
0.009492
-0.007817
-0.008658
0.017071
0.031419
0.037573
0.052836
0.075802
0.077202
0.061424
0.054280
0.044186
0.038269
0.039809
0.049816
0.044762
-0.000065
-0.050985
-0.089455
-0.104527
-0.107366
-0.104208
-0.093896
-0.084704
-0.065764
-0.023975
0.008102
0.007489
0.010470
0.011357
-0.002884
-0.009592
-0.006903
0.008381
0.007610
-0.019493
-0.030575
-0.023485
-0.015508
-0.002780
0.035381
0.057213
0.046976
0.046678
0.033622
0.009449
0.001888
0.011149
0.031112
0.035699
0.013291
-0.004918
0.002891
0.013976
0.003822
-0.006615
0.002228
0.020681
0.038113
0.033973
0.005802
-0.028638
-0.036439
-0.030908
-0.027010
-0.026322
-0.030355
-0.022293
0.004285
0.027848
0.004844
-0.019404
-0.008691
-0.009086
-0.018063
-0.026602
-0.028315
-0.017492
0.003480
0.026327
0.039230
0.051294
0.050362
0.058803
0.097806
0.110442
0.089489
0.041238
-0.022750
-0.058441
-0.067261
-0.064561
-0.059284
-0.068192
-0.067948
-0.051620
-0.035208
-0.029302
-0.029212
-0.039929
-0.050107
-0.037725
-0.006141
0.016724
0.008749
-0.001815
0.007778
0.039385
0.053200
0.039853
0.014067
0.003259
0.012854
0.011883
0.011702
0.017705
0.013641
-0.003154
-0.024617
-0.035174
-0.027321
-0.018812
-0.005633
0.013900
0.015373
0.015560
0.025025
0.028688
0.022872
0.009708
-0.014238
-0.047561
-0.075401
-0.077808
-0.048938
-0.004177
0.026485
0.025087
0.002744
-0.011236
-0.011296
-0.000880
0.021175
0.039336
0.043266
0.030405
0.016303
0.016130
0.026305
0.030014
0.029641
0.035053
0.046529
0.054831
0.038206
-0.002286
-0.028772
-0.034711
-0.043516
-0.058488
-0.066073
-0.044007
-0.022424
-0.022936
-0.025626
-0.012974
0.012812
0.029761
0.042582
0.047376
0.040672
0.044849
0.054224
0.059525
0.067875
0.068108
0.043223
0.016552
0.008717
0.008573
-0.004444
-0.025644
-0.030377
-0.031104
-0.045941
-0.058215
-0.048713
-0.038232
-0.025532
-0.008885
0.010478
0.034292
0.037599
0.029498
0.036574
0.031378
0.029397
0.044772
0.045234
0.044468
0.028464
0.001905
-0.015028
-0.045649
-0.074540
-0.089154
-0.090806
-0.093933
-0.085451
-0.040773
0.011896
0.038916
0.044420
0.035595
0.006290
-0.014976
-0.000374
0.023179
0.047921
0.057007
0.039375
0.011269
-0.010910
-0.015002
-0.006199
-0.001458
-0.001290
0.000386
0.000157
0.016466
0.046436
0.054676
0.039497
0.027602
0.013413
-0.009388
-0.033544
-0.050693
-0.066088
-0.061691
-0.047758
-0.039632
-0.042470
-0.065788
-0.097896
-0.102774
-0.079984
-0.056353
-0.027527
-0.007295
-0.005265
0.012120
0.035234
0.042003
0.030632
0.011929
-0.006733
-0.009820
-0.009943
-0.027058
-0.019224
0.000075
-0.000331
-0.016801
-0.035232
-0.041192
-0.045049
-0.036113
-0.015947
0.007478
0.037982
0.061505
0.077954
0.091445
0.092589
0.081198
0.073794
0.061426
0.041951
0.031101
0.029430
0.040871
0.053538
0.041789
0.017762
0.001326
0.001206
0.007337
-0.006551
-0.019452
0.002925
0.023506
0.010856
-0.008430
-0.005743
0.007290
0.012549
0.006413
0.007643
0.018560
0.023836
0.005517
-0.012411
-0.014401
-0.018864
-0.024612
-0.024967
-0.021300
-0.005721
0.017504
0.012822
-0.026731
-0.040347
-0.018816
-0.015150
-0.027297
-0.031646
-0.018742
-0.007063
-0.003510
-0.003105
-0.001677
0.006481
0.012178
-0.010801
-0.028731
-0.030249
-0.051582
-0.067680
-0.062185
-0.055535
-0.052041
-0.057567
-0.068523
-0.050948
-0.001509
0.052831
0.065214
0.041413
0.008885
-0.036316
-0.063930
-0.035779
0.020783
0.056067
0.033691
-0.011505
-0.013632
0.043876
0.106658
0.117788
0.074863
0.041734
0.050764
0.064931
0.068211
0.031881
-0.030152
-0.067308
-0.065382
-0.049532
-0.033087
0.003045
0.030986
0.043094
0.048947
0.051649
0.058013
0.056143
0.034565
0.020028
0.026213
0.021346
-0.012015
-0.061322
-0.084889
-0.073943
-0.066264
-0.069636
-0.055874
-0.025104
-0.018261
-0.027987
-0.031319
-0.033901
-0.034310
-0.015099
0.019234
0.044388
0.052644
0.051754
0.041260
0.021805
0.012536
0.008793
0.007331
-0.003512
-0.007307
0.006502
0.027996
0.049311
0.060722
0.058363
0.041754
0.020628
0.011744
0.009950
-0.001578
-0.012526
-0.019804
-0.026575
-0.021895
-0.021228
-0.032086
-0.028346
-0.017164
-0.004148
-0.000398
-0.005697
0.005100
0.008661
-0.002490
0.000838
-0.011539
-0.043540
-0.056133
-0.056444
-0.054379
-0.042909
-0.042029
-0.055265
-0.053743
-0.026905
-0.006791
0.001932
-0.008297
-0.031930
-0.033621
-0.013186
0.008267
0.031001
0.047372
0.035878
0.023887
0.024781
0.034950
0.041404
0.019786
-0.004805
0.000493
0.014253
0.017549
0.019350
0.023124
0.032445
0.028029
0.003398
-0.013945
-0.017659
-0.014561
-0.024882
-0.043290
-0.053985
-0.057892
-0.058160
-0.065611
-0.048940
-0.022986
0.003734
0.027414
0.034627
0.040783
0.056368
0.076595
0.094374
0.086964
0.067128
0.047154
0.012859
-0.010778
-0.018378
-0.015192
-0.008265
-0.016067
-0.025885
-0.020462
-0.023206
-0.025739
-0.028159
-0.040011
-0.033138
-0.018854
-0.026444
-0.031227
-0.016701
0.001854
0.014205
0.015299
0.013381
0.004911
0.000683
0.008444
0.022746
0.033119
0.023334
0.004718
-0.006408
0.000053
-0.001108
-0.006593
-0.007653
-0.000754
0.015768
0.020394
0.035757
0.050933
0.034343
0.018276
0.031222
0.051791
0.037272
0.009247
-0.004221
-0.012072
-0.019225
-0.026122
-0.024113
-0.006302
0.003931
-0.012047
-0.033258
-0.038304
-0.030742
-0.018317
-0.019042
-0.019532
-0.014275
-0.009597
-0.011442
-0.017015
-0.017775
-0.034061
-0.030817
-0.005346
0.013385
0.022955
0.028615
0.032251
0.032856
0.029922
0.030448
0.016500
-0.001496
0.005490
0.020728
0.042182
0.047704
0.046260
0.044316
0.031934
0.042225
0.051128
0.041054
0.018502
-0.014264
-0.023897
-0.007603
0.012146
0.034735
0.052731
0.044121
0.027156
0.030079
0.036590
0.039942
0.029214
0.008492
-0.015967
-0.051794
-0.083490
-0.108902
-0.118903
-0.106100
-0.083316
-0.068240
-0.076093
-0.085830
-0.083218
-0.079405
-0.058425
-0.037931
-0.028821
-0.016860
-0.014499
-0.001901
0.014346
0.019386
0.021489
0.022781
0.034604
0.042659
0.031853
0.011747
0.002433
0.005342
0.027050
0.037570
0.031591
0.034903
0.036523
0.029864
0.022644
0.028035
0.046789
0.043931
0.024751
0.030246
0.046587
0.043483
0.021865
0.008101
-0.001054
-0.005031
-0.005147
-0.000052
0.011205
0.005855
-0.012497
-0.026993
-0.032351
-0.028183
-0.020703
-0.030506
-0.033434
-0.032279
-0.047158
-0.063468
-0.066612
-0.050003
-0.032613
-0.027349
-0.023620
-0.023164
-0.027536
-0.034097
-0.031363
-0.036344
-0.054488
-0.060725
-0.059864
-0.044030
-0.002474
0.036664
0.058408
0.063561
0.058443
0.046711
0.049176
0.076281
0.102430
0.102909
0.036444
-0.042081
-0.047461
-0.018272
-0.005631
-0.017933
-0.044472
-0.051608
-0.026007
0.021018
0.066169
0.082860
0.068113
0.038922
0.016506
0.020344
0.042873
0.037700
0.010363
-0.009253
-0.012587
-0.009993
-0.000168
0.008959
-0.002200
-0.002889
0.006758
0.009735
-0.003581
-0.027773
-0.038988
-0.045506
-0.027783
0.001464
0.005957
0.002970
-0.012979
-0.019989
-0.008104
-0.004878
0.004420
0.018956
0.015581
0.007092
-0.002977
-0.012912
-0.018753
-0.031329
-0.024595
0.002671
0.012322
0.011622
0.013416
0.005266
-0.003317
-0.003792
0.008612
0.027370
0.038724
0.035030
0.022875
0.016189
0.004699
0.003655
0.017454
0.016717
0.003441
-0.009836
-0.016341
-0.016732
-0.019415
-0.011317
-0.012887
-0.017425
-0.016433
-0.021350
-0.005504
0.006762
0.002742
-0.003885
-0.009034
-0.016622
-0.030678
-0.046723
-0.055607
-0.051811
-0.026705
0.004585
0.024749
0.028069
0.023976
0.032219
0.058055
0.080738
0.080416
0.053078
0.025137
0.006550
-0.014262
-0.023159
-0.031898
-0.025316
-0.014354
-0.022475
-0.026049
-0.034484
-0.031647
-0.020773
-0.011497
0.004968
0.020793
0.027598
0.016212
0.005966
0.016037
0.030211
0.038439
0.048201
0.055552
0.058360
0.050602
0.035932
0.030484
0.016121
-0.014813
-0.024677
-0.032400
-0.058593
-0.072148
-0.078396
-0.080614
-0.072502
-0.071828
-0.065722
-0.058216
-0.070802
-0.058163
-0.018022
0.010925
0.032401
0.037699
0.025385
0.033949
0.051332
0.062033
0.062928
0.060175
0.051022
0.028842
0.010991
0.003073
-0.001901
-0.019227
-0.038456
-0.043373
-0.046344
-0.041528
-0.031790
-0.025278
-0.012170
-0.010205
-0.005899
0.001871
-0.015583
-0.026405
-0.013950
0.002494
0.015202
0.031667
0.050652
0.062056
0.056637
0.046672
0.047205
0.047863
0.038512
0.023737
0.014130
0.000052
-0.015111
-0.027940
-0.040739
-0.029308
-0.014855
-0.006123
0.004273
0.010070
0.018467
0.014093
0.002863
-0.003131
-0.006412
-0.009302
-0.013504
-0.018891
-0.018467
-0.035364
-0.048290
-0.044290
-0.040531
-0.038804
-0.034832
-0.024453
-0.010023
-0.000439
0.015565
0.031815
0.035217
0.060632
0.088235
0.098011
0.096446
0.070076
0.054379
0.053190
0.043682
0.040906
0.038587
0.023642
-0.001194
-0.027660
-0.048872
-0.063290
-0.082167
-0.083581
-0.071023
-0.048461
-0.034420
-0.029489
-0.014846
-0.014374
-0.016943
-0.006125
0.002848
0.004888
-0.007278
-0.018225
-0.024305
-0.031646
-0.041311
-0.051936
-0.043518
-0.037201
-0.043380
-0.051174
-0.056920
-0.040601
-0.015640
-0.015836
-0.013147
0.006483
0.015764
0.014609
0.009492
0.016133
0.027532
0.027521
0.040303
0.060205
0.063044
0.050561
0.043224
0.034464
0.014767
0.006370
-0.003749
-0.023130
-0.026757
-0.005261
0.017138
0.024710
0.031549
0.029419
0.025017
0.019922
0.013350
0.015748
0.032140
0.044579
0.042875
0.036345
0.026120
0.008599
0.000735
-0.001191
-0.008756
-0.006717
-0.005023
-0.007117
-0.009809
-0.018925
-0.029270
-0.028192
-0.011059
-0.010761
-0.018447
-0.024073
-0.024931
-0.010534
-0.014461
-0.027922
-0.029082
-0.038525
-0.033346
-0.014167
-0.015324
-0.017011
-0.000769
0.005381
0.011766
0.019437
0.020862
0.017309
0.010962
0.007243
0.001865
0.006193
0.005902
-0.005107
-0.010975
-0.014561
-0.007199
-0.008570
-0.022981
-0.027275
-0.018831
-0.007031
0.006867
0.024736
0.044448
0.051537
0.049816
0.049784
0.045692
0.042557
0.049902
0.055630
0.048522
0.034652
0.020854
0.006788
-0.002046
0.008854
0.012830
0.002781
0.005667
0.007185
0.000817
-0.005489
-0.009935
-0.002981
-0.002262
-0.020433
-0.031145
-0.040031
-0.054228
-0.067200
-0.074371
-0.060896
-0.040290
-0.031846
-0.029578
-0.020152
0.000451
0.020633
0.021219
0.002412
-0.020869
-0.032398
-0.025988
-0.017204
-0.003196
-0.002944
-0.022957
-0.038762
-0.038929
-0.016262
0.004301
0.021049
0.032881
0.027745
0.024840
0.029523
0.032744
0.028416
0.029520
0.022042
0.012689
-0.003807
-0.016930
0.000775
0.014644
0.003302
-0.023337
-0.041827
-0.035633
-0.023004
-0.010791
0.004596
0.016821
0.030036
0.042442
0.049267
0.057218
0.050473
0.032628
0.029318
0.023998
0.015650
0.003556
-0.010518
-0.022635
-0.031580
-0.028142
-0.035697
-0.044625
-0.033482
-0.023804
-0.011303
-0.007630
-0.026975
-0.033690
-0.029519
-0.027631
-0.019736
-0.014407
-0.006084
-0.002458
-0.009418
-0.016780
-0.007876
0.012226
0.026705
0.026852
0.034365
0.038203
0.036115
0.042646
0.038863
0.029752
0.028409
0.029341
0.036671
0.041210
0.020164
0.002143
-0.006229
-0.020546
-0.023766
-0.019227
-0.021639
-0.025006
-0.023049
-0.014894
-0.018951
-0.015849
-0.002520
-0.006593
-0.001092
0.008529
0.004062
0.000988
-0.002446
-0.013387
-0.014002
-0.008047
-0.006627
-0.005666
0.000328
-0.000910
-0.005623
-0.004895
-0.003652
-0.006184
-0.009630
-0.014817
-0.009551
0.003123
0.006166
0.017203
0.022307
0.023538
0.029050
0.038325
0.050960
0.054713
0.054432
0.050153
0.033379
0.021851
0.013150
-0.000234
-0.006414
-0.003937
-0.000303
-0.011756
-0.019634
-0.023106
-0.026905
-0.018750
-0.022493
-0.038319
-0.036952
-0.030506
-0.025954
-0.021056
-0.024501
-0.017742
-0.007077
-0.000299
0.002730
0.002120
-0.000869
0.010959
0.020373
0.009107
0.012883
0.015212
0.002443
-0.003723
-0.004705
0.009663
0.018668
0.007754
-0.001953
-0.005757
-0.001351
0.007778
0.008831
0.001702
-0.005843
-0.012569
-0.030005
-0.039744
-0.038433
-0.048192
-0.048680
-0.038918
-0.039117
-0.041559
-0.035785
-0.025867
-0.022850
-0.018310
-0.020170
-0.012633
0.008662
0.009332
0.000298
0.003148
0.016378
0.022379
0.013747
0.017391
0.019296
0.006609
-0.004181
-0.005959
-0.009054
-0.008964
-0.007223
-0.002218
0.006524
0.008276
0.014998
0.028376
0.038576
0.037626
0.036255
0.036528
0.037610
0.036694
0.028155
0.023026
0.008547
0.001956
0.004120
0.009567
0.023046
0.026053
0.022542
0.013008
0.004045
-0.005896
-0.016395
-0.023464
-0.023630
-0.020132
-0.018620
-0.024649
-0.030869
-0.030858
-0.035183
-0.033877
-0.020666
-0.012642
-0.002627
0.010358
0.011783
0.005024
0.007312
0.013774
0.019374
0.015700
0.010127
0.009432
-0.000882
-0.004522
0.003690
0.007811
0.010695
0.009998
0.012451
0.020156
0.025273
0.025877
0.026969
0.021522
0.018550
0.016739
0.010056
0.006641
-0.001655
-0.008551
-0.011557
-0.009618
-0.008497
-0.001773
0.016354
0.025467
0.021533
0.023389
0.029839
0.022381
0.012312
0.004535
-0.004953
-0.001381
0.002962
-0.009459
-0.018725
-0.021984
-0.029110
-0.037233
-0.035065
-0.027735
-0.020346
-0.020909
-0.021277
-0.017465
-0.018160
-0.017009
-0.009998
-0.011407
-0.025758
-0.023068
-0.016630
-0.016964
-0.008559
-0.005871
-0.006317
0.002937
0.004238
0.010053
0.023135
0.023626
0.020348
0.025832
0.023899
0.010440
0.006669
0.007518
0.004926
-0.009804
-0.024977
-0.033218
-0.034196
-0.022798
-0.008126
-0.005953
-0.002477
0.007770
0.015415
0.021607
0.020148
0.010947
0.001605
0.001295
0.005142
0.005345
-0.006353
-0.018356
-0.017131
-0.012521
-0.000344
0.013018
0.023789
0.028285
0.033038
0.039728
0.051052
0.049895
0.039400
0.030412
0.026805
0.024153
0.016710
0.016396
0.013297
0.007212
-0.001909
-0.012084
-0.018492
-0.016805
-0.013957
-0.022042
-0.021054
-0.028056
-0.040510
-0.033231
-0.018002
-0.007118
-0.003483
-0.008431
-0.017466
-0.020136
-0.021772
-0.029188
-0.036150
-0.032784
-0.024111
-0.020887
-0.021661
-0.027843
-0.023498
-0.017998
-0.026911
-0.019291
-0.009840
-0.014846
-0.008599
0.005053
0.002565
-0.000812
0.001207
0.004176
0.009689
0.005553
0.003333
0.006613
0.010663
0.013609
0.013327
0.009477
0.008078
0.019153
0.022560
0.012977
0.000611
-0.007357
0.008844
0.023613
0.017117
0.011118
0.013733
0.015314
0.011622
0.005013
-0.009588
-0.019881
-0.014911
-0.005938
-0.005549
-0.006204
-0.006700
0.002887
0.015363
0.018733
0.015514
0.021550
0.032462
0.034385
0.029008
0.009666
-0.003980
-0.011331
-0.022573
-0.023052
-0.014803
-0.020219
-0.025057
-0.017980
-0.000468
0.016496
0.020778
0.035062
0.045190
0.041652
0.045176
0.032165
0.016945
0.007814
-0.004894
-0.005008
-0.003943
-0.016818
-0.023747
-0.027675
-0.032822
-0.024336
-0.012411
-0.004923
0.004495
0.001548
-0.001396
0.004686
0.002778
0.001606
-0.002292
0.005201
0.014673
0.016481
0.023296
0.014757
0.007817
0.014497
0.008771
-0.000522
-0.000099
0.002097
0.006371
0.006382
-0.000488
-0.001073
-0.003728
-0.008607
-0.005586
-0.003609
0.003341
0.010781
0.019094
0.014949
0.002035
-0.001389
0.000564
-0.000341
-0.001047
0.004050
0.004617
-0.008064
-0.024756
-0.023213
-0.018703
-0.029279
-0.031372
-0.022129
-0.030236
-0.026355
-0.018329
-0.032933
-0.038702
-0.040199
-0.046169
-0.038973
-0.033726
-0.029170
-0.020711
-0.023602
-0.017371
-0.000658
0.016314
0.020868
0.019002
0.022380
0.020092
0.020734
0.032751
0.030725
0.023209
0.023744
0.021421
0.013806
0.006659
-0.002455
0.000228
0.014611
0.016565
0.016441
0.006790
-0.001429
0.001134
-0.005017
-0.005892
0.000474
-0.004327
-0.001054
0.008335
0.003612
0.000787
0.004264
0.006580
0.002995
-0.003854
-0.008721
-0.011333
-0.019739
-0.027006
-0.014568
-0.004974
0.000013
0.008989
0.013209
0.022559
0.021945
0.009386
0.009929
0.010262
0.015663
0.027430
0.025900
0.023495
0.030719
0.034164
0.026572
0.025790
0.020972
0.000987
-0.011966
-0.018602
-0.011426
-0.005049
-0.017303
-0.022904
-0.023216
-0.034138
-0.027069
-0.018186
-0.014587
-0.005063
-0.007829
-0.007219
0.007804
0.008044
0.001189
0.001084
0.002513
0.003126
0.013736
0.010924
0.002116
0.002197
0.004490
0.014834
0.018389
0.025339
0.034371
0.023059
0.013606
0.017529
0.021571
0.017227
0.005771
-0.005524
-0.007524
-0.005603
-0.009390
-0.010901
-0.009888
-0.018670
-0.023192
-0.018060
-0.013385
-0.003343
-0.002118
-0.004969
0.003831
-0.004199
-0.011142
-0.004086
-0.011916
-0.024042
-0.031507
-0.044423
-0.042461
-0.037803
-0.031438
-0.029308
-0.034303
-0.022153
-0.020467
-0.023482
-0.011881
0.002622
0.012293
0.023302
0.033153
0.039282
0.040319
0.033546
0.028794
0.022621
0.002018
-0.014653
-0.019367
0.001378
0.029494
0.027975
-0.006684
-0.048952
-0.058629
-0.032429
-0.004791
0.015621
0.026110
0.016169
0.011843
0.026615
0.034960
0.033006
0.019693
0.005098
0.006551
0.010870
0.009659
-0.008067
-0.033173
-0.038756
-0.034273
-0.036354
-0.028200
-0.011106
0.002166
0.013322
0.012155
0.006122
0.001795
-0.005863
-0.001254
0.007910
0.003116
0.008391
0.013692
0.007251
0.015497
0.013278
0.009488
0.011475
0.010659
0.009186
0.007833
-0.007734
-0.027386
-0.025490
-0.031649
-0.032706
-0.018836
-0.017215
-0.010551
-0.004967
-0.011723
-0.003493
-0.000334
0.005441
0.014386
0.018863
0.022177
0.021273
0.019160
0.012800
0.015371
0.020438
0.010085
0.002334
0.000063
0.010208
0.018311
0.015324
0.013494
0.014686
0.019434
0.027465
0.029447
0.024807
0.028156
0.031891
0.021487
0.009391
0.006370
-0.002980
-0.010349
-0.012732
-0.022117
-0.015759
-0.013821
-0.017011
-0.015512
-0.023409
-0.023546
-0.011122
0.003496
0.010480
0.009954
0.009129
0.019309
0.020254
0.014487
0.016104
0.021212
0.025381
0.020482
0.012323
-0.001081
-0.015762
-0.014722
-0.009811
-0.009167
-0.011189
-0.023460
-0.035017
-0.030550
-0.031815
-0.037434
-0.038430
-0.040795
-0.034541
-0.030309
-0.032037
-0.020092
-0.007647
-0.016930
-0.018455
-0.009508
-0.013537
-0.011170
-0.005765
-0.003096
0.000564
-0.006663
-0.018462
-0.017365
-0.013863
-0.010023
-0.002472
0.001597
-0.000854
0.000855
0.008135
0.006161
0.011914
0.025177
0.028483
0.022955
0.028042
0.035493
0.030101
0.018255
0.011487
0.012350
0.011972
0.007430
-0.000525
-0.010335
-0.011500
-0.002424
-0.002619
-0.004142
0.002186
-0.002466
-0.007588
-0.002017
0.003558
-0.000465
-0.000766
0.012279
0.019157
0.020161
0.023653
0.022083
0.021553
0.027081
0.030251
0.025284
0.024696
0.022536
0.018292
0.013764
0.018475
0.025697
0.017718
0.012040
0.016449
0.021373
0.016464
0.012816
0.009634
-0.004594
-0.010800
-0.008555
-0.008737
-0.011361
-0.015565
-0.011453
-0.011879
-0.018100
-0.019671
-0.011362
0.007005
0.018718
0.010114
-0.010337
-0.009070
-0.010555
-0.025768
-0.028522
-0.034251
-0.041593
-0.036645
-0.033587
-0.027789
-0.017218
-0.006892
0.007957
0.009237
0.000325
0.006807
0.013771
0.011494
0.007635
0.002971
0.000506
-0.008598
-0.005529
0.001965
0.009561
0.017315
0.012455
-0.002359
-0.005131
-0.013605
-0.029863
-0.024540
-0.016561
-0.021616
-0.034785
-0.035086
-0.017869
-0.007209
-0.003054
-0.004957
-0.001820
0.003117
-0.000003
0.011061
0.008679
-0.014899
-0.014373
-0.014863
-0.024175
-0.027727
-0.024800
-0.020846
-0.021673
-0.022398
-0.009923
0.001064
0.001694
0.010355
0.023523
0.027671
0.020586
0.011577
0.016547
0.016670
0.009140
0.000216
-0.005158
-0.003544
0.010767
0.019868
0.016108
0.026340
0.029099
0.015033
0.008001
0.006439
0.004431
0.003800
-0.001918
0.006706
0.010268
0.005673
0.012838
0.010692
0.023681
0.031037
0.024842
0.024770
0.010217
-0.002285
-0.004000
-0.003655
-0.004780
-0.011587
-0.003582
0.002393
0.000574
0.002409
0.007554
0.013916
0.018000
0.019259
0.016552
0.015924
0.014028
0.005039
-0.001686
-0.001270
0.002025
-0.013889
-0.028436
-0.021026
-0.016631
-0.019522
-0.012606
-0.006136
-0.000238
0.008730
0.013461
0.024493
0.032742
0.030775
0.023905
0.018534
0.012076
0.007942
0.003521
-0.000815
-0.002271
-0.009278
-0.014256
-0.013708
-0.016453
-0.022959
-0.017242
-0.007119
-0.004369
-0.001612
-0.004166
-0.003281
-0.003117
-0.001130
0.007108
-0.001524
-0.012441
-0.010296
-0.010347
-0.021275
-0.032235
-0.031006
-0.021195
-0.014726
-0.017498
-0.028825
-0.034341
-0.028228
-0.018260
-0.022165
-0.022501
-0.015404
-0.008284
0.005276
0.012495
0.019766
0.023746
0.020804
0.005706
-0.002843
0.004533
0.000198
-0.014230
-0.011711
-0.001388
-0.005913
-0.021512
-0.021148
-0.006962
0.005331
0.013398
0.019270
0.020792
0.017041
0.011866
0.013802
0.014412
0.009754
0.011293
0.006701
-0.003095
-0.002972
-0.006062
-0.006702
-0.000472
-0.002204
-0.000539
0.006139
0.005279
0.006026
0.009351
0.011088
0.015914
0.017225
0.018845
0.012143
0.000275
-0.003047
-0.008482
-0.015346
-0.012310
-0.007345
-0.003914
0.003767
0.014663
0.013651
0.013846
0.023759
0.030296
0.025213
0.022774
0.015125
0.005397
0.002758
-0.004087
-0.015858
-0.014260
-0.014351
-0.011691
-0.007607
-0.005558
-0.002389
-0.001911
0.000299
0.005180
0.012340
0.024246
0.038782
0.029262
0.018693
0.028368
0.020505
0.009091
0.006386
0.009091
0.011747
0.006339
0.000207
0.001750
0.000377
-0.012894
-0.011471
-0.017934
-0.035739
-0.037427
-0.038294
-0.034896
-0.018990
-0.013675
-0.014712
-0.012117
-0.013219
-0.004772
0.003927
-0.001571
0.003416
0.000755
-0.003227
-0.003943
-0.011862
-0.007790
-0.012887
-0.020928
-0.019025
-0.016248
-0.014779
-0.012614
-0.014636
-0.019645
-0.020577
-0.019122
-0.013446
-0.020531
-0.019872
-0.008335
-0.005374
-0.000596
0.006827
0.017356
0.015433
0.005891
0.007767
0.005997
0.001961
0.004975
0.002038
0.006610
0.021070
0.026780
0.022310
0.020902
0.017063
0.015538
0.027016
0.028966
0.022290
0.021850
0.022530
0.015144
0.009518
0.015814
0.020863
0.013978
0.014880
0.006196
-0.012391
-0.017598
-0.019519
-0.020134
-0.015457
-0.015797
-0.019119
-0.015887
-0.015804
-0.009016
0.001753
-0.000929
0.001159
0.004769
0.002198
0.016412
0.020986
0.017281
0.021824
0.015428
0.009667
0.005573
0.001419
-0.003786
-0.011381
-0.011683
-0.008043
-0.009826
-0.012354
-0.020072
-0.023885
-0.019493
-0.017149
-0.009579
-0.006473
-0.008461
-0.006769
0.003591
0.011480
0.019689
0.024724
0.018719
0.019867
0.018555
0.016405
0.006723
-0.001839
-0.002040
-0.006645
-0.021787
-0.028134
-0.024569
-0.025707
-0.023282
-0.024564
-0.022894
-0.012803
-0.008381
-0.006879
0.003530
0.011180
0.017260
0.027526
0.032018
0.034028
0.038318
0.036456
0.025730
0.018866
0.010964
-0.005092
-0.007105
-0.008036
-0.021111
-0.021952
-0.017845
-0.031941
-0.034579
-0.019682
-0.015497
-0.018783
-0.018328
-0.016984
-0.018546
-0.020922
-0.024809
-0.017985
-0.015265
-0.009565
0.003369
0.002910
0.005264
0.009065
0.011349
0.008276
0.001936
0.008866
0.020055
0.017571
0.013838
0.023121
0.021547
0.017773
0.020468
0.009955
0.006017
0.007334
0.002129
0.001284
0.008384
0.005939
0.004283
0.006885
0.009758
0.013185
0.010996
0.005016
-0.004335
-0.002689
0.006746
0.000577
-0.008328
-0.005505
0.003331
0.001503
-0.002920
0.001475
-0.001373
0.000314
0.006491
0.003849
0.004827
0.011552
0.009419
0.005127
0.010844
0.011131
0.005675
0.006308
-0.000472
-0.010140
-0.004197
-0.000369
0.005731
0.001002
-0.005362
-0.007622
-0.020222
-0.013092
0.000061
0.003074
0.005126
0.002253
0.002371
0.008907
0.005574
0.005609
0.002216
-0.001056
-0.003825
-0.007279
-0.009141
-0.015422
-0.020895
-0.025993
-0.017139
-0.006791
-0.009031
-0.016746
-0.015597
-0.005681
-0.006318
-0.004592
-0.004313
-0.001730
0.007921
0.009414
0.011270
0.012052
0.009094
0.007879
0.008418
0.004862
-0.006371
-0.007372
-0.001589
-0.004417
-0.011301
-0.020753
-0.023244
-0.024974
-0.018662
-0.009599
-0.005722
0.001858
0.005381
0.003641
0.007416
0.007505
0.011520
0.012252
0.004480
0.002036
0.007149
0.002503
-0.004729
0.005115
-0.002177
-0.013569
-0.005318
-0.010751
-0.019977
-0.011688
-0.010855
-0.013496
-0.001930
-0.007846
-0.018847
-0.012528
-0.007589
-0.007577
-0.009389
-0.006560
-0.000249
0.001434
0.006280
0.010515
0.009626
0.009345
0.013641
0.019765
0.019193
0.014843
0.016084
0.021926
0.017444
0.017543
0.022008
0.018080
0.008647
0.006764
0.007793
-0.000598
-0.002977
0.004282
0.002724
0.005585
0.009885
0.006143
0.007396
0.009386
0.008700
0.008219
0.003281
0.000512
0.000795
0.001924
-0.001456
-0.008144
-0.007937
-0.007930
-0.005533
0.002278
0.001901
0.002008
0.000767
-0.001242
-0.002674
-0.001484
0.004972
0.002624
-0.002080
0.003023
0.011087
0.004075
-0.000954
0.001581
-0.003060
-0.003016
-0.006383
-0.009222
-0.000981
0.001311
-0.004978
-0.006848
-0.004361
0.006806
0.016748
0.016699
0.011508
0.012231
0.013373
0.011035
0.013487
-0.001961
-0.013482
-0.012114
-0.018321
-0.016999
-0.015367
-0.007626
0.005321
0.014011
0.019510
0.015418
0.020179
0.034810
0.032754
0.024211
0.013931
0.001280
-0.008855
-0.006179
-0.005390
-0.015387
-0.017676
-0.022565
-0.027420
-0.028628
-0.020834
-0.015096
-0.028025
-0.027743
-0.014977
-0.014770
-0.017016
-0.011098
-0.009718
-0.009946
-0.011876
-0.015476
-0.007821
-0.007130
-0.006988
-0.011464
-0.012924
-0.005019
-0.001140
0.005044
0.002823
-0.002665
0.001839
0.004614
0.010066
0.016348
0.024203
0.025746
0.012499
0.003781
0.009019
0.005186
-0.001374
-0.002806
0.000855
0.002109
-0.007566
-0.004136
0.006110
0.009694
0.006240
0.001426
0.001682
0.002848
0.000601
0.003973
0.010216
0.001811
-0.015815
-0.018059
-0.014080
-0.011269
-0.009513
-0.015348
-0.007735
0.003234
0.001197
0.002940
0.007350
0.005848
0.007988
0.009784
0.006438
-0.001409
0.000644
0.001403
-0.004620
0.002980
0.000845
-0.014444
-0.011352
-0.007863
-0.015346
-0.013822
-0.008116
-0.005944
-0.004164
-0.004627
-0.001929
0.001649
-0.001718
-0.004477
0.004241
0.008557
0.001595
0.004493
0.008009
-0.004125
-0.005156
0.000615
-0.001924
-0.001418
0.004624
0.014208
0.012163
0.004345
0.005719
0.004116
-0.000942
0.001991
0.005441
0.004023
0.004071
0.005402
0.001000
0.000556
0.004323
0.002303
0.006783
0.009609
-0.002288
-0.004135
0.000884
0.004513
0.006019
0.008093
0.004752
0.000196
-0.000038
0.003510
0.009581
0.006414
0.003740
0.007898
0.012813
0.014450
0.017635
0.017615
0.004478
0.005158
0.012309
-0.000725
-0.012733
-0.012419
-0.006289
-0.010633
-0.017924
-0.014233
-0.013220
-0.015716
-0.008318
0.002002
0.004446
0.010969
0.014173
0.012714
0.012683
0.013041
0.014285
0.012055
0.011793
0.012058
0.005831
-0.003636
-0.007080
-0.012040
-0.014685
-0.014667
-0.018793
-0.019917
-0.010935
-0.008319
-0.009702
-0.014514
-0.015559
-0.005919
-0.007230
-0.002329
0.003165
-0.004155
-0.015811
-0.018454
-0.009526
-0.003895
0.001202
0.007301
0.005583
0.003578
0.008649
0.015133
0.020557
0.017320
0.017942
0.020768
0.017646
0.018858
0.010868
-0.002115
-0.014932
-0.017021
-0.009774
-0.014607
-0.013415
-0.010596
-0.005539
-0.003935
-0.004036
0.000687
0.008067
0.007252
0.001265
0.006834
0.011256
0.013624
0.014075
0.006027
0.003044
0.010825
0.011236
0.007335
0.008684
0.009282
0.002357
-0.000336
-0.001285
-0.000831
-0.003118
-0.004976
-0.007150
-0.014961
-0.006815
0.001294
-0.001691
-0.000194
0.002291
0.004185
0.000436
-0.004884
-0.004868
-0.011950
-0.009204
-0.008847
-0.011094
-0.000252
0.001603
0.005939
0.008211
-0.000358
0.006471
0.012523
0.005484
0.006992
0.007812
0.004218
-0.000651
0.002766
-0.002072
-0.011686
-0.012465
-0.010315
-0.011412
-0.013668
-0.015712
-0.015627
-0.017644
-0.019836
-0.021429
-0.017206
-0.010703
-0.012658
-0.003051
-0.000641
0.003472
0.013473
0.008019
0.007011
0.014703
0.012948
0.005488
0.004780
0.003458
-0.007209
-0.005880
-0.004492
-0.011187
-0.013421
-0.005655
-0.000553
-0.000774
0.004725
0.004815
0.003667
0.004524
0.006655
0.005476
0.001568
-0.007935
-0.010726
-0.002311
-0.003607
-0.016560
-0.015835
-0.005989
-0.005158
-0.004387
-0.002077
0.007247
0.010306
0.006290
0.014644
0.022303
0.015722
0.009781
0.001562
0.003848
0.003283
-0.000287
0.006421
0.009746
0.011075
0.012630
0.012658
0.008975
0.000681
0.005686
0.020463
0.015275
0.015607
0.024140
0.026495
0.026517
0.019103
0.017833
0.013720
0.008168
0.005380
0.004351
-0.001661
-0.006731
-0.010636
-0.014741
-0.020145
-0.025539
-0.024183
-0.023720
-0.013311
-0.013680
-0.021516
-0.017357
-0.018562
-0.019217
-0.008342
-0.003296
-0.000703
0.000821
0.003555
0.010188
0.003980
-0.003573
-0.007043
-0.000593
0.000762
-0.000917
-0.000554
-0.005953
0.000449
0.006254
0.000418
-0.004798
-0.006856
-0.009906
-0.010819
-0.013171
-0.015040
-0.009660
-0.005108
-0.005166
-0.006422
-0.003337
0.001971
-0.006028
-0.009985
-0.004857
-0.009602
-0.007373
-0.004285
-0.006793
-0.004792
-0.005748
-0.000521
0.005281
0.000942
0.000098
0.007801
0.002382
0.000042
0.009209
0.007372
0.001559
0.001089
0.003784
0.010343
0.014144
0.003885
0.005061
0.013526
0.009755
0.010769
0.012087
0.007180
0.008507
0.011252
0.005966
0.004812
0.010569
0.007507
0.000010
0.004628
0.007295
0.005642
0.010932
0.015218
0.009494
0.008910
0.008285
0.004357
0.008753
0.004194
-0.006424
0.002285
0.007024
-0.003619
-0.010410
-0.012135
-0.005092
-0.001021
-0.007766
-0.010286
-0.015059
-0.017381
-0.014611
-0.011871
-0.009368
-0.007398
-0.004563
-0.001401
-0.000207
0.006816
0.013719
0.012271
0.014241
0.013678
0.008313
-0.002237
-0.004306
0.001085
0.005701
0.006060
-0.009055
-0.010431
-0.004507
-0.004704
-0.001278
0.001811
0.003247
0.008450
0.014097
0.017718
0.017509
0.009957
0.011934
0.017436
0.010620
0.011814
0.007622
0.006109
0.009902
0.004085
0.009236
0.000724
-0.007506
-0.001857
0.000234
-0.005384
-0.016537
-0.018597
-0.015178
-0.020409
-0.014943
-0.014185
-0.015894
-0.006073
-0.004373
-0.010015
-0.007740
-0.002750
-0.003123
-0.009471
-0.013880
-0.006977
-0.006054
-0.010539
-0.017358
-0.021951
-0.027017
-0.019031
-0.006895
-0.011862
-0.015710
-0.006040
0.005899
0.002631
-0.002002
0.006901
0.008849
0.004231
0.000268
-0.010281
-0.004636
0.006088
-0.009131
-0.018041
-0.011774
-0.012254
-0.014499
-0.007568
0.010892
0.012069
0.006812
0.014008
0.022261
0.033846
0.031300
0.020186
0.025453
0.024497
0.021595
0.024574
0.029555
0.017547
0.003315
0.002301
0.002568
0.007556
0.007439
0.004037
-0.000610
-0.000494
-0.001460
-0.008141
-0.006575
-0.003422
-0.001662
0.005682
0.001503
-0.008110
0.001568
0.003516
-0.003102
0.002517
0.005335
-0.001712
-0.007324
-0.008863
-0.005344
0.000453
-0.002809
-0.004510
-0.004991
-0.009927
-0.008790
0.000167
0.002207
-0.011729
-0.014027
-0.012539
-0.009086
-0.004589
0.006132
0.008994
-0.004003
-0.008494
-0.009664
-0.039268
-0.055256
-0.035607
-0.008339
0.007986
-0.018973
-0.036154
-0.002397
0.037840
0.055987
0.036864
0.018995
0.020570
0.012330
-0.000684
-0.017502
-0.026500
-0.014801
-0.012408
-0.017883
-0.018984
-0.013458
0.002976
0.003838
0.004855
0.020830
0.017178
0.005172
0.016392
0.017361
0.009523
0.005745
-0.004090
-0.010866
0.004071
0.013820
0.011787
0.011647
0.011118
0.015401
0.014914
0.005077
0.013157
0.022003
0.024269
0.025235
0.015502
0.006497
-0.003732
-0.006443
0.000147
-0.002756
-0.012873
-0.015661
-0.016261
-0.013205
-0.008238
-0.013882
-0.018880
-0.013097
-0.003582
0.007261
0.002869
-0.002392
-0.000599
0.001064
0.007299
0.004690
0.000198
0.000721
0.000790
0.002419
-0.002282
-0.014547
-0.011583
-0.006264
-0.009551
-0.002554
0.000852
0.002590
-0.004271
-0.008864
-0.006764
-0.006946
-0.008088
-0.004720
-0.006872
-0.006476
0.001389
0.000525
-0.001631
0.003461
0.000002
-0.003946
0.005085
0.016798
0.011373
0.003749
0.011064
0.014599
0.013565
0.008418
0.004328
0.008102
0.016052
0.014923
0.004139
0.007952
0.009321
0.002437
0.000249
-0.001781
0.005246
0.017527
0.003562
-0.002702
0.000934
-0.011988
-0.011693
-0.009969
-0.010860
0.005221
0.011549
0.003170
-0.000207
0.001026
0.005409
0.002761
-0.003096
0.008655
0.014952
0.012599
0.008650
0.004532
0.002529
-0.001545
-0.007230
-0.015614
-0.022075
-0.014603
-0.012669
-0.017441
-0.011843
-0.014586
-0.009872
-0.002213
-0.003236
-0.000589
-0.000718
-0.001256
0.001115
0.007279
0.011063
0.011206
0.014860
0.013239
0.004905
0.005594
-0.003813
-0.012805
-0.017820
-0.026198
-0.022786
-0.015227
-0.013095
-0.004313
-0.005066
-0.011865
-0.015485
-0.016432
-0.008155
-0.012675
-0.009104
0.005803
-0.003964
-0.013692
-0.002745
0.000492
-0.007455
-0.004389
0.002043
0.007657
0.012396
0.011734
0.001869
-0.002973
0.002620
0.003691
-0.002450
-0.005657
-0.008088
-0.012997
-0.005963
-0.005713
-0.014267
-0.006768
-0.002021
-0.001004
0.001699
0.002487
0.005088
-0.001985
-0.001212
0.009628
0.002306
-0.006128
0.001525
0.006347
0.006495
0.014808
0.020555
0.014621
0.009921
0.015218
0.014163
0.012142
0.016340
0.006269
0.003090
0.005495
-0.000029
0.004291
0.006671
-0.000876
0.000242
0.002338
-0.000598
-0.002405
-0.005641
-0.004946
-0.001509
-0.005344
-0.010397
-0.006003
-0.007947
-0.006261
-0.003768
-0.001071
0.002358
-0.004281
-0.000163
0.003614
0.001735
0.002729
0.002661
0.006485
0.010585
0.010660
0.014590
0.011781
0.001920
-0.002951
-0.001373
-0.000400
-0.005203
-0.007345
-0.014504
-0.007006
-0.002972
-0.003188
0.001658
0.008518
0.009067
0.007806
0.011675
0.013393
0.017741
0.011603
0.009865
0.009951
0.000977
0.004618
0.011763
0.008512
0.003684
-0.003225
-0.005089
0.001629
0.003625
0.002345
0.008361
0.005495
-0.000105
-0.002110
-0.002416
0.003800
-0.006008
-0.007168
-0.003384
-0.009196
-0.000907
-0.004977
-0.016492
-0.009249
-0.009223
-0.011612
-0.013605
-0.015036
-0.009062
-0.007515
-0.003372
0.000557
-0.001957
-0.005566
-0.004708
-0.003844
-0.000844
-0.002204
-0.013790
-0.008914
0.001416
-0.010716
-0.021652
-0.014833
-0.010475
-0.004423
0.007964
0.009941
0.008889
0.009862
0.008535
0.014565
0.019071
0.015498
0.003262
-0.002719
0.000289
0.003136
-0.000106
-0.004939
-0.003736
0.000095
-0.001354
0.001904
0.002017
0.001034
0.003093
0.002682
0.002124
0.005115
0.008568
0.005993
0.009454
0.010659
0.005105
0.002134
0.000116
0.001318
0.006074
0.008020
-0.001530
-0.002552
-0.001169
-0.003661
-0.000890
-0.006560
-0.007876
-0.011874
-0.010086
0.000425
-0.000727
0.003878
0.005141
0.004893
-0.004894
-0.007647
-0.000148
0.001086
0.000973
-0.006923
-0.011417
-0.007689
-0.003504
0.000834
0.001379
0.001849
0.008231
0.002622
-0.001235
0.001721
-0.000550
0.000418
0.004555
0.003153
-0.002600
-0.009432
-0.003230
0.004254
0.005901
0.007647
-0.001015
-0.001033
0.003123
0.002482
0.000344
0.004371
0.010773
0.003658
0.000329
0.004475
0.011086
0.009566
0.006140
0.002388
0.004156
0.006366
-0.001548
-0.006211
-0.012630
-0.010541
-0.002224
-0.006002
-0.006232
0.005009
-0.000362
-0.009371
-0.010621
-0.010428
-0.003000
0.004777
0.005109
0.000313
-0.006171
0.000778
0.012274
0.009199
0.004985
0.003235
0.005048
0.005590
0.001545
-0.004868
-0.012496
-0.006781
-0.000894
-0.002092
-0.001094
-0.002843
0.003217
0.003624
-0.004042
0.000734
0.007187
0.006966
0.003139
0.002655
0.003042
-0.002889
-0.009324
-0.006661
-0.001713
-0.008671
-0.010530
-0.006136
-0.006828
-0.005763
-0.000907
0.002941
-0.001407
-0.007462
-0.005457
-0.002955
-0.002556
-0.003362
-0.004709
-0.001522
0.003878
0.007256
0.000971
-0.005197
0.001640
-0.001362
-0.001023
0.002910
0.006797
0.004140
0.003826
0.015643
0.019437
0.013137
0.013015
0.008466
-0.000576
-0.003685
-0.002424
0.002606
-0.001954
-0.005253
-0.001624
-0.003211
-0.005788
-0.007698
-0.000616
0.004665
-0.002254
0.000489
0.001489
0.000123
-0.002654
-0.009698
-0.006512
-0.010325
-0.014701
-0.014171
-0.008897
-0.001426
-0.000480
0.002567
-0.000219
-0.000053
0.003026
0.005163
0.010388
0.004508
0.004390
0.007107
-0.003357
-0.010708
-0.012552
-0.006819
-0.004566
-0.004485
-0.011295
-0.010567
-0.001807
0.000207
0.001040
0.001235
0.009734
0.010735
0.009849
0.014458
0.018101
0.013826
0.013819
0.021013
0.014043
0.006876
0.015506
0.011357
0.009484
0.015332
0.002537
-0.008577
-0.001800
-0.002861
-0.007022
-0.004526
-0.008385
-0.009257
-0.004380
-0.000246
0.001979
-0.004273
-0.004649
-0.004194
-0.006315
-0.006234
-0.007620
-0.009138
-0.010222
-0.007651
-0.009729
-0.010373
-0.001162
-0.003037
-0.005300
-0.002317
-0.006590
-0.002146
0.010301
0.003564
0.001773
0.007273
-0.002025
-0.002491
-0.002881
-0.003410
0.001270
0.007718
-0.002555
-0.008121
0.000274
-0.005712
-0.007495
0.001092
-0.007827
-0.009426
-0.004102
-0.010063
-0.002442
-0.000813
-0.005351
0.000750
0.002516
0.000525
0.008804
0.008783
0.002569
0.003249
0.000050
-0.000036
-0.004698
-0.006951
-0.009904
-0.012334
-0.005348
-0.002711
-0.004790
-0.004543
0.005175
0.004147
0.001013
0.007191
0.006200
0.004645
0.003724
0.002727
0.000575
-0.003404
0.002685
0.007541
0.005153
0.000781
0.006698
0.011858
0.011850
0.013291
0.009386
0.001504
0.001010
0.002280
-0.002381
0.001490
0.006738
-0.000184
-0.003102
-0.001389
-0.003455
-0.000169
-0.000432
-0.007245
-0.007013
-0.004496
-0.007667
-0.006561
0.002431
0.003219
0.003331
0.004158
0.004008
0.002724
0.004492
0.006147
-0.001229
0.001133
0.002341
-0.003169
0.002421
0.007499
0.000529
-0.000404
0.007768
0.006306
0.001047
0.004395
0.007424
0.007041
0.004448
0.005299
0.003321
-0.004960
-0.006440
-0.005986
-0.000450
0.001385
-0.009584
-0.009465
-0.008447
-0.004229
0.003192
-0.002100
-0.002079
0.008386
0.004274
0.000433
0.005364
0.003127
0.001785
0.004334
0.001056
0.003141
-0.003086
-0.009950
-0.003589
-0.002481
-0.002874
-0.000008
0.008077
0.003593
0.001589
0.003610
-0.001924
0.002380
0.001249
-0.003291
0.004379
0.003738
-0.001266
0.002473
0.007160
0.005235
-0.001465
-0.007517
0.000782
0.001466
-0.003274
-0.002381
-0.005684
-0.004201
-0.011506
-0.012356
-0.013309
-0.012635
0.001142
-0.003606
-0.010941
-0.008989
-0.007517
-0.002081
-0.002238
-0.002766
0.000420
0.001423
0.002481
0.001546
0.007396
0.005224
0.000412
0.009810
0.009837
0.002127
-0.003732
-0.002185
0.000871
0.001020
-0.004253
-0.010246
-0.003681
-0.001890
-0.001965
0.001801
0.006221
0.004676
0.004815
0.010823
0.011040
0.010548
0.006609
0.002723
0.002539
-0.002462
-0.001189
0.006501
0.009161
0.008330
0.005366
-0.003693
-0.006303
0.000732
-0.005546
-0.008462
-0.004258
-0.007891
-0.006288
-0.002410
-0.002184
-0.003233
-0.000757
0.000635
-0.004376
-0.003534
-0.003683
-0.002635
0.001744
0.000726
-0.001521
-0.004926
-0.005361
-0.000906
-0.006436
-0.007189
-0.008128
-0.011102
-0.007478
-0.007995
-0.004419
-0.001533
-0.000949
0.001680
0.002619
0.006295
0.011344
0.007625
0.007732
0.013924
0.010796
0.008298
0.012077
0.008261
0.009031
0.004000
-0.000517
0.005914
-0.001837
-0.005894
-0.002282
0.004519
0.006144
0.001224
0.002423
0.003660
-0.003299
-0.002873
-0.001716
-0.004559
0.000425
-0.000820
-0.002171
-0.004362
-0.003859
0.001453
-0.000573
-0.003721
-0.004464
-0.001596
-0.000731
-0.000429
-0.000251
-0.003416
0.001847
0.001076
-0.003151
0.000338
-0.001016
0.000918
0.001622
-0.002318
-0.003314
-0.001081
-0.001776
-0.003304
-0.000685
0.003060
0.005555
0.004110
0.002224
0.005202
0.002460
0.001174
0.003596
-0.001188
0.001967
0.009451
0.007201
0.002274
0.005852
0.005784
0.004143
0.007539
-0.000798
-0.003881
0.002975
0.005756
0.003168
0.000702
-0.004448
-0.005168
-0.002016
-0.002373
-0.004591
-0.005904
-0.005950
-0.006806
-0.005150
-0.005230
-0.007017
-0.004101
-0.004582
-0.003837
-0.003549
-0.006469
-0.000673
-0.000483
-0.001172
0.004946
0.004005
0.002937
0.001618
-0.002602
-0.002958
-0.004118
-0.005919
-0.002156
-0.000313
-0.001480
-0.003338
-0.000093
0.004372
-0.001853
0.000643
0.008475
0.004886
-0.000807
-0.002543
0.000965
-0.001039
-0.005258
-0.005317
-0.004467
-0.003089
-0.001977
0.000378
-0.000767
0.000256
0.000206
0.001825
0.002401
0.000963
0.003793
0.003961
0.004152
0.003431
0.002659
0.007209
0.005328
-0.001221
-0.000502
-0.001487
-0.002637
-0.000816
-0.002726
-0.000583
-0.000584
0.000218
0.004293
0.004307
0.000470
-0.000563
0.001602
0.003341
0.005778
0.005090
0.005296
0.002744
0.001300
0.001855
0.001074
0.004637
0.004977
0.001039
-0.001128
-0.001530
-0.003137
-0.004797
-0.001728
-0.000008
-0.001516
-0.000598
0.000482
-0.003044
-0.003611
-0.003337
-0.006163
-0.003662
-0.000172
-0.000303
-0.001668
-0.002187
0.001897
0.001645
-0.000368
0.000213
-0.001583
-0.002628
-0.002317
-0.002414
0.000441
-0.000896
-0.004023
-0.003087
-0.002899
-0.002258
-0.000056
0.002317
0.002382
0.000481
-0.000621
-0.001621
-0.001403
0.000606
0.000303
0.000230
0.001208
-0.000517
-0.000625
0.001165
0.002872
0.002522
0.000818
-0.000547
0.000934
0.001235
-0.000045
0.000225
0.001152
-0.000730
-0.000082
0.001118
-0.000142
0.000148
-0.000944
-0.001626
0.001178
0.000448
-0.000584
-0.000630
-0.000964
-0.000546
-0.001328
-0.001815
-0.001811
-0.002136
0.000390
0.001547
-0.000534
-0.000519
-0.000379
-0.000292
0.002344
0.003467
0.002104
0.001407
0.000599
-0.000142
-0.000503
-0.000067
0.000120
-0.000119
0.000777
-0.000402
-0.000136
0.000724
0.000517
0.000700
0.000614
0.000434
-0.000173
-0.000216
0.000130
-0.000224
-0.000480
-0.000097
0.000435
-0.000704
-0.000580
-0.000213
-0.000500
0.000315
0.000419
-0.000392
-0.000122
0.000497
0.001146
0.001754
0.000690
0.000082
0.000889
0.000408
0.000037
0.000164
-0.000854
-0.001622
-0.001081
-0.001453
-0.001125
-0.000179
-0.000732
-0.000331
0.000930
0.000431
0.000028
0.000007
0.000078
0.000246
0.000203
0.000286
0.000126
-0.000377
-0.000334
-0.000624
-0.000845
-0.000727
-0.000796
-0.000339
-0.000072
-0.000410
-0.000168
-0.000244
-0.000196
0.000088
-0.000027
-0.000004
0.000085
0.000002
0.000038
-0.000068
0.000099
-0.000145
-0.000237
0.000097
0.000071
-0.000072
0.000124
0.000217
0.000041
-0.000132
0.000022
-0.000037
0.000039
0.000089
-0.000034
-0.000022
-0.000016
-0.000217
-0.000087
-0.000080
-0.000032
0.000047
-0.000032
-0.000151
0.000001
0.000061
0.000023
0.000056
0.000158
0.000069
0.000059
0.000041
0.000056
0.000059
0.000059
0.000006
0.000021
0.000009
0.000059
0.000041
0.000067
0.000054
0.000062
0.000043
0.000086
0.000053
0.000065
0.000040
0.000057
0.000027
0.000047
0.000022
0.000043
0.000021
0.000043
0.000020
0.000043
0.000021
0.000044
