# Total Average          SA_A          CA_A          SA_T          CA_T
         AVG          2.17          2.55          2.52          2.99
           N          1.05          1.67          1.71          2.35
           E          2.41          2.74          2.71          3.11
          UP          3.04          3.24          3.15          3.52
# ----------------------------------------------------------------------------------------------
   # Average            BB            B1            B2            B3            B4            B5            B6            SA            CA
           T          5.82          5.62          4.64          1.10          0.08          1.94          1.76          2.52          2.99
           A          4.88          4.64          3.81          0.67          0.18          1.83          1.85          2.17          2.55
          C1          0.02          0.10          0.18          0.06          0.41          5.48          8.55          2.46          2.11
          C2          0.03          0.09          0.12          0.00          1.91          2.83          3.42          1.39          1.20
          C3          3.87          4.06          3.51          0.00          0.00          0.00          0.00          1.26          1.63
          C4          7.15          5.80          5.89          0.00          0.00          0.00          0.00          1.95          2.69
          C5          6.29          7.45          7.44          0.00          0.00          0.00          0.00          2.48          3.03
          C6          6.30          6.45          6.78          0.00          0.00          0.00          0.00          2.20          2.79
          C7          5.75          0.00          0.00          0.00          0.00          0.00          0.00          0.00          0.82
          C8          7.76          7.84          6.24          0.00          0.00          0.00          0.00          2.35          3.12
          C9          5.50          4.64          2.39          0.00          0.00          0.00          0.00          1.17          1.79
         C10          6.17         10.00          5.59          6.63         -0.46         10.00          6.52          6.38          6.35
         C11          9.10          9.18          8.47          3.21          0.00          3.33          3.31          4.59          5.23
# ----------------------------------------------------------------------------------------------
     # North            BB            B1            B2            B3            B4            B5            B6            SA            CA
           T          6.23          3.72          2.35          0.13         -0.12          2.59          1.58          1.71          2.35
           A          5.45          2.52          1.29         -0.01         -0.08          1.67          0.88          1.05          1.67
          C1          0.02          0.17          0.23          0.01          0.56          6.67          9.09          2.79          2.39
          C2          0.02          0.17          0.16          0.00          0.02          0.01          0.00          0.06          0.05
          C3          4.86          1.07          0.56          0.00          0.00          0.00          0.00          0.27          0.93
          C4          7.07          0.00          0.00          0.00          0.00          0.00          0.00          0.00          1.01
          C5          7.98          3.55          3.52          0.00          0.00          0.00          0.00          1.18          2.15
          C6          8.38          0.16          0.87          0.00          0.00          0.00          0.00          0.17          1.34
          C7          7.21          0.00          0.00          0.00          0.00          0.00          0.00          0.00          1.03
          C8          7.83          8.61          2.24          0.00          0.00          0.00          0.00          1.81          2.67
          C9          5.97          1.50          0.48          0.00          0.00          0.00          0.00          0.33          1.14
         C10          5.19         10.00          4.85         -0.11         -1.36         10.00         -0.28          3.85          4.04
         C11          7.56          8.96          8.71          1.26          0.00         10.00          9.92          6.48          6.63
# ----------------------------------------------------------------------------------------------
      # East            BB            B1            B2            B3            B4            B5            B6            SA            CA
           T          5.50          6.17          5.48          1.45         -0.00          1.44          1.71          2.71          3.11
           A          4.74          5.16          4.57          1.00          0.05          1.58          2.08          2.41          2.74
          C1          0.03          0.07          0.17          0.03          0.17          3.30          7.71          1.91          1.64
          C2          0.05          0.04          0.09          0.00          0.93          2.53          3.24          1.14          0.98
          C3          6.39          1.12          0.85          0.00          0.00          0.00          0.00          0.33          1.19
          C4          8.78          9.61          8.08          0.00          0.00          0.00          0.00          2.95          3.78
          C5          5.12          9.00          8.81          0.00          0.00          0.00          0.00          2.97          3.28
          C6          5.26          9.99          9.84          0.00          0.00          0.00          0.00          3.30          3.58
          C7          4.52          0.00          0.00          0.00          0.00          0.00          0.00          0.00          0.65
          C8          8.05          5.31          8.84          0.01          0.00          0.00          0.00          2.36          3.17
          C9          5.90          6.51          4.06          0.00          0.00          0.00          0.00          1.76          2.35
         C10          3.31         10.00          4.97         10.00         -0.58         10.00          9.89          7.38          6.80
         C11          9.75          9.27          8.20          3.04          0.00          0.00          0.00          3.42          4.32
# ----------------------------------------------------------------------------------------------
        # Up            BB            B1            B2            B3            B4            B5            B6            SA            CA
           T          5.73          6.97          6.09          1.71          0.36          1.80          1.99          3.15          3.52
           A          4.46          6.24          5.58          1.02          0.58          2.24          2.58          3.04          3.24
          C1          0.02          0.05          0.14          0.15          0.49          6.46          8.84          2.69          2.31
          C2          0.02          0.06          0.12          0.01          4.77          5.94          7.01          2.98          2.56
          C3          0.35          9.98          9.11          0.00          0.00          0.00          0.00          3.18          2.78
          C4          5.59          7.78          9.58          0.00          0.00          0.00          0.00          2.89          3.28
          C5          5.76          9.79          9.98          0.00          0.00          0.00          0.00          3.30          3.65
          C6          5.27          9.19          9.64          0.00          0.00          0.00          0.00          3.14          3.44
          C7          5.53          0.00          0.00          0.00          0.00          0.00          0.00          0.00          0.79
          C8          7.40          9.61          7.64          0.00          0.00          0.00          0.00          2.88          3.52
          C9          4.63          5.90          2.64          0.00          0.00          0.00          0.00          1.42          1.88
         C10         10.00         10.00          6.96         10.00          0.57         10.00          9.96          7.92          8.21
         C11          9.98          9.32          8.50          5.32          0.00          0.00          0.00          3.86          4.73
# ----------------------------------------------------------------------------------------------
